GROWTH_DAY,HISTORY_TIME,TARGET_TEMP,HOUSE_TEMP_MIN,HOUSE_TEMP_AVG,HOUSE_TEMP_MAX,TEMP_1_AVG,TEMP_2_AVG,TEMP_3_AVG,TEMP_4_AVG,TEMP_5_AVG,TEMP_6_AVG,ATTIC_MIN,ATTIC_AVG,ATTIC_MAX,OUTSIDE_MIN,OUTSIDE_AVG,OUTSIDE_MAX,HUMIDITY_IN_1_MIN,HUMIDITY_IN_1_AVG,HUMIDITY_IN_1_MAX,WATER_CON,FEED_CON,LEVEL,
-1        ,09:00       ,34.8       ,21.4          ,34.4          ,34.8          ,34.2      ,33.8      ,34.4      ,34.4      ,34.7      ,34.7      ,---      ,---      ,---      ,17.7       ,18.9       ,18.9       ,50               ,50.8             ,66               ,0        ,459     ,1    ,
-1        ,10:00       ,34.8       ,33.7          ,34.0          ,34.9          ,34.0      ,33.6      ,34.0      ,34.1      ,34.1      ,34.2      ,---      ,---      ,---      ,18.9       ,19.8       ,19.9       ,46               ,46.7             ,51               ,0        ,0       ,1    ,
-1        ,11:00       ,34.8       ,33.8          ,34.5          ,34.8          ,34.0      ,33.9      ,34.7      ,34.7      ,34.8      ,34.5      ,---      ,---      ,---      ,19.9       ,22.9       ,23.2       ,44               ,44.1             ,47               ,0        ,0       ,1    ,
-1        ,12:00       ,34.8       ,33.9          ,34.2          ,34.9          ,34.3      ,33.8      ,34.3      ,34.2      ,34.3      ,34.3      ,---      ,---      ,---      ,22.5       ,23.1       ,23.3       ,43               ,43               ,45               ,0        ,0       ,1    ,
-1        ,13:00       ,34.7       ,33.8          ,34.7          ,34.9          ,34.6      ,34.5      ,34.9      ,34.7      ,34.8      ,34.4      ,---      ,---      ,---      ,22.8       ,23.4       ,23.9       ,43               ,43               ,45               ,0        ,0       ,1    ,
-1        ,14:00       ,34.7       ,33.8          ,36.8          ,40.0          ,36.5      ,36.7      ,37.1      ,37.0      ,37.0      ,36.1      ,---      ,---      ,---      ,22.8       ,23.5       ,23.9       ,38               ,38               ,44               ,0        ,0       ,5    ,
-1        ,15:00       ,34.7       ,34.0          ,34.7          ,36.6          ,34.4      ,34.8      ,35.0      ,34.9      ,34.8      ,34.2      ,---      ,---      ,---      ,23.1       ,23.2       ,24.0       ,38               ,41               ,42               ,0        ,0       ,1    ,
-1        ,16:00       ,34.7       ,33.9          ,34.1          ,35.2          ,34.2      ,33.9      ,34.1      ,34.1      ,34.1      ,34.2      ,---      ,---      ,---      ,22.5       ,22.7       ,23.5       ,40               ,40               ,42               ,0        ,0       ,1    ,
-1        ,17:00       ,34.6       ,33.9          ,34.2          ,34.6          ,34.8      ,33.9      ,34.4      ,33.9      ,34.0      ,34.3      ,---      ,---      ,---      ,20.9       ,21.0       ,22.8       ,40               ,41.9             ,42               ,0        ,0       ,1    ,
-1        ,18:00       ,34.6       ,33.8          ,34.8          ,35.0          ,34.6      ,34.9      ,35.2      ,35.1      ,35.0      ,34.2      ,---      ,---      ,---      ,18.5       ,18.5       ,20.9       ,42               ,44               ,45               ,0        ,0       ,2    ,
-1        ,19:00       ,34.6       ,33.8          ,34.5          ,34.8          ,34.0      ,34.4      ,34.8      ,34.9      ,34.8      ,34.2      ,---      ,---      ,---      ,17.5       ,17.5       ,18.5       ,44               ,45.9             ,46               ,0        ,0       ,1    ,
-1        ,20:00       ,34.6       ,33.7          ,34.4          ,34.9          ,34.2      ,34.4      ,34.8      ,34.6      ,34.6      ,33.9      ,---      ,---      ,---      ,16.9       ,16.9       ,17.5       ,46               ,46.8             ,47               ,0        ,0       ,1    ,
-1        ,21:00       ,34.6       ,33.6          ,34.2          ,35.0          ,33.8      ,34.1      ,34.3      ,34.4      ,34.5      ,34.0      ,---      ,---      ,---      ,16.6       ,16.7       ,17.0       ,46               ,46               ,47               ,0        ,0       ,1    ,
-1        ,22:00       ,34.5       ,33.6          ,33.7          ,34.8          ,34.0      ,33.7      ,33.7      ,33.6      ,33.7      ,33.5      ,---      ,---      ,---      ,16.4       ,16.5       ,16.8       ,46               ,47               ,48               ,0        ,0       ,1    ,
-1        ,23:00       ,34.5       ,33.7          ,34.6          ,34.9          ,34.6      ,34.8      ,35.2      ,34.5      ,34.5      ,33.8      ,---      ,---      ,---      ,15.9       ,16.2       ,16.5       ,47               ,47.9             ,48               ,0        ,0       ,1    ,
0         ,00:00       ,34.5       ,33.6          ,34.3          ,34.8          ,33.8      ,34.1      ,34.4      ,34.5      ,34.6      ,34.1      ,---      ,---      ,---      ,15.9       ,15.9       ,16.5       ,47               ,47               ,48               ,0        ,0       ,1    ,
0         ,01:00       ,34.5       ,33.6          ,34.1          ,34.6          ,34.0      ,34.5      ,34.3      ,34.5      ,34.1      ,33.4      ,---      ,---      ,---      ,15.1       ,15.1       ,15.9       ,47               ,48.5             ,49               ,0        ,0       ,1    ,
0         ,02:00       ,34.5       ,33.5          ,34.0          ,34.7          ,33.8      ,33.9      ,34.2      ,34.2      ,34.3      ,33.9      ,---      ,---      ,---      ,14.0       ,14.0       ,15.2       ,48               ,49               ,50               ,0        ,0       ,1    ,
0         ,03:00       ,34.4       ,33.5          ,34.5          ,34.6          ,34.2      ,34.4      ,34.9      ,34.6      ,34.7      ,34.0      ,---      ,---      ,---      ,13.8       ,13.8       ,14.1       ,49               ,50               ,51               ,0        ,0       ,1    ,
0         ,04:00       ,34.4       ,33.6          ,33.6          ,34.7          ,34.1      ,33.6      ,33.5      ,33.4      ,33.6      ,33.4      ,---      ,---      ,---      ,13.4       ,13.6       ,13.8       ,50               ,50               ,51               ,0        ,0       ,1    ,
0         ,05:00       ,34.4       ,33.5          ,34.3          ,34.7          ,34.0      ,34.1      ,34.5      ,34.5      ,34.5      ,34.0      ,---      ,---      ,---      ,13.0       ,13.3       ,13.7       ,50               ,50.8             ,52               ,0        ,0       ,1    ,
0         ,06:00       ,34.4       ,33.5          ,34.1          ,34.5          ,34.4      ,34.4      ,34.7      ,33.8      ,34.1      ,33.3      ,---      ,---      ,---      ,13.0       ,13.0       ,13.4       ,50               ,51.9             ,52               ,0        ,0       ,1    ,
0         ,07:00       ,34.3       ,33.5          ,33.7          ,34.5          ,34.2      ,33.5      ,33.8      ,33.5      ,33.7      ,33.2      ,---      ,---      ,---      ,12.9       ,15.8       ,15.9       ,50               ,50.9             ,52               ,0        ,0       ,1    ,
0         ,08:00       ,34.3       ,33.5          ,33.8          ,34.6          ,33.8      ,33.6      ,34.1      ,33.7      ,33.7      ,33.9      ,---      ,---      ,---      ,15.9       ,19.0       ,19.1       ,50               ,50.9             ,52               ,0        ,0       ,1    ,
0         ,09:00       ,34.3       ,33.6          ,33.6          ,34.6          ,33.8      ,33.6      ,33.6      ,33.6      ,33.6      ,33.7      ,---      ,---      ,---      ,19.1       ,22.1       ,22.2       ,49               ,49               ,51               ,0        ,0       ,1    ,
0         ,10:00       ,34.3       ,33.2          ,33.9          ,34.2          ,32.1      ,34.5      ,34.5      ,34.3      ,34.3      ,33.7      ,---      ,---      ,---      ,22.0       ,23.0       ,23.4       ,48               ,48               ,49               ,0        ,0       ,1    ,
0         ,11:00       ,34.3       ,33.6          ,33.7          ,34.6          ,33.7      ,33.6      ,33.8      ,33.8      ,33.7      ,33.5      ,---      ,---      ,---      ,22.8       ,24.2       ,24.4       ,47               ,51.9             ,53               ,40       ,0       ,1    ,
0         ,12:00       ,34.3       ,33.5          ,34.3          ,34.3          ,34.7      ,34.5      ,34.4      ,34.4      ,33.9      ,33.7      ,---      ,---      ,---      ,23.5       ,24.0       ,25.2       ,52               ,53               ,54               ,20       ,0       ,1    ,
0         ,13:00       ,34.2       ,33.6          ,33.8          ,34.3          ,34.2      ,33.7      ,33.8      ,33.7      ,33.8      ,33.7      ,---      ,---      ,---      ,23.9       ,24.5       ,24.9       ,51               ,51.4             ,53               ,10       ,0       ,1    ,
0         ,14:00       ,34.2       ,33.7          ,33.9          ,34.1          ,34.2      ,34.2      ,34.2      ,33.8      ,33.7      ,33.5      ,---      ,---      ,---      ,23.4       ,24.5       ,24.7       ,51               ,51.4             ,53               ,10       ,0       ,1    ,
0         ,15:00       ,34.2       ,33.5          ,33.6          ,33.9          ,33.5      ,33.6      ,33.8      ,33.6      ,33.5      ,33.4      ,---      ,---      ,---      ,23.6       ,24.2       ,24.5       ,51               ,51.9             ,52               ,20       ,0       ,1    ,
0         ,16:00       ,34.2       ,33.5          ,33.7          ,33.9          ,33.9      ,33.7      ,33.8      ,33.6      ,33.6      ,33.7      ,---      ,---      ,---      ,23.2       ,23.3       ,24.3       ,51               ,51.1             ,53               ,20       ,0       ,1    ,
0         ,17:00       ,34.1       ,33.5          ,33.9          ,34.1          ,33.4      ,34.1      ,34.4      ,34.3      ,33.8      ,33.7      ,---      ,---      ,---      ,22.2       ,22.2       ,23.5       ,51               ,52               ,54               ,20       ,0       ,1    ,
0         ,18:00       ,34.1       ,33.2          ,34.4          ,34.4          ,34.2      ,34.3      ,34.4      ,34.5      ,34.4      ,34.3      ,---      ,---      ,---      ,19.9       ,19.9       ,22.2       ,50               ,51.9             ,54               ,20       ,0       ,2    ,
0         ,19:00       ,34.1       ,33.3          ,33.8          ,34.4          ,33.5      ,33.6      ,34.0      ,34.0      ,34.0      ,33.6      ,---      ,---      ,---      ,19.1       ,19.1       ,19.9       ,51               ,53.8             ,55               ,10       ,0       ,1    ,
0         ,20:00       ,34.1       ,33.3          ,34.1          ,34.2          ,33.8      ,34.0      ,34.2      ,34.1      ,34.2      ,34.2      ,---      ,---      ,---      ,18.8       ,18.8       ,19.1       ,53               ,55.9             ,56               ,20       ,0       ,1    ,
0         ,21:00       ,34.1       ,33.3          ,33.6          ,34.4          ,33.9      ,33.9      ,33.5      ,33.4      ,33.3      ,33.3      ,---      ,---      ,---      ,18.1       ,18.1       ,18.8       ,54               ,55.2             ,57               ,10       ,0       ,1    ,
0         ,22:00       ,34.0       ,33.3          ,33.7          ,34.4          ,34.2      ,33.5      ,33.5      ,33.6      ,33.7      ,33.4      ,---      ,---      ,---      ,17.7       ,17.7       ,18.1       ,54               ,56.9             ,57               ,20       ,0       ,1    ,
0         ,23:00       ,34.0       ,33.3          ,33.9          ,34.4          ,33.5      ,33.8      ,34.2      ,34.2      ,34.1      ,33.6      ,---      ,---      ,---      ,17.1       ,17.1       ,17.7       ,56               ,56.9             ,58               ,10       ,0       ,1    ,
1         ,00:00       ,34.0       ,33.2          ,33.7          ,34.3          ,33.3      ,33.9      ,33.9      ,33.7      ,33.8      ,33.7      ,---      ,---      ,---      ,16.9       ,16.9       ,17.1       ,56               ,58.9             ,59               ,20       ,0       ,1    ,
1         ,01:00       ,34.0       ,33.2          ,33.7          ,34.3          ,33.4      ,33.5      ,33.9      ,33.9      ,33.9      ,33.3      ,---      ,---      ,---      ,16.8       ,16.9       ,17.0       ,58               ,58               ,60               ,10       ,0       ,1    ,
1         ,02:00       ,34.0       ,33.2          ,33.7          ,34.1          ,33.8      ,33.9      ,34.2      ,33.4      ,33.8      ,33.3      ,---      ,---      ,---      ,16.4       ,16.5       ,16.9       ,58               ,59.9             ,60               ,20       ,0       ,1    ,
1         ,03:00       ,33.9       ,33.2          ,33.7          ,34.3          ,33.3      ,33.4      ,33.9      ,33.8      ,33.8      ,33.9      ,---      ,---      ,---      ,16.1       ,16.1       ,16.5       ,58               ,59               ,60               ,10       ,0       ,1    ,
1         ,04:00       ,33.9       ,33.1          ,33.7          ,34.2          ,33.5      ,33.6      ,34.1      ,33.8      ,33.9      ,33.2      ,---      ,---      ,---      ,16.0       ,16.3       ,16.3       ,58               ,59.9             ,61               ,20       ,0       ,1    ,
1         ,05:00       ,33.9       ,33.0          ,33.3          ,34.0          ,33.7      ,33.0      ,33.2      ,33.2      ,33.3      ,33.4      ,---      ,---      ,---      ,16.2       ,16.5       ,16.5       ,59               ,59.9             ,62               ,20       ,0       ,1    ,
1         ,06:00       ,33.8       ,33.1          ,33.8          ,34.1          ,33.6      ,33.9      ,34.4      ,34.0      ,33.6      ,33.2      ,---      ,---      ,---      ,16.5       ,16.9       ,16.9       ,60               ,61.4             ,62               ,20       ,0       ,1    ,
1         ,07:00       ,33.8       ,33.2          ,33.3          ,34.2          ,33.5      ,33.5      ,33.4      ,33.1      ,33.1      ,33.3      ,---      ,---      ,---      ,16.8       ,17.5       ,17.6       ,60               ,60.5             ,62               ,10       ,0       ,1    ,
1         ,08:00       ,33.8       ,33.0          ,33.3          ,34.0          ,33.7      ,33.3      ,33.1      ,33.1      ,33.2      ,33.3      ,---      ,---      ,---      ,17.5       ,19.4       ,19.6       ,61               ,62.1             ,63               ,0        ,0       ,1    ,
1         ,09:00       ,33.6       ,32.8          ,33.5          ,34.0          ,32.9      ,33.6      ,33.7      ,33.8      ,33.2      ,33.7      ,---      ,---      ,---      ,19.6       ,21.2       ,21.3       ,61               ,62.6             ,64               ,10       ,0       ,1    ,
1         ,10:00       ,33.5       ,32.9          ,33.0          ,33.6          ,33.0      ,33.2      ,33.2      ,33.1      ,33.1      ,32.9      ,---      ,---      ,---      ,21.2       ,23.6       ,23.7       ,61               ,61               ,62               ,10       ,0       ,1    ,
1         ,11:00       ,33.5       ,32.9          ,33.1          ,33.5          ,32.9      ,33.5      ,33.2      ,33.1      ,32.9      ,33.1      ,---      ,---      ,---      ,23.7       ,26.0       ,26.4       ,61               ,64.9             ,65               ,10       ,0       ,1    ,
1         ,12:00       ,33.5       ,33.0          ,33.1          ,33.4          ,32.8      ,32.9      ,33.4      ,33.4      ,33.3      ,33.2      ,---      ,---      ,---      ,25.1       ,25.6       ,26.0       ,62               ,62               ,65               ,10       ,0       ,1    ,
1         ,13:00       ,33.5       ,32.8          ,33.1          ,33.2          ,33.8      ,33.2      ,33.0      ,32.8      ,32.9      ,33.2      ,---      ,---      ,---      ,23.2       ,23.2       ,25.6       ,62               ,62.4             ,63               ,20       ,0       ,1    ,
1         ,14:00       ,33.5       ,32.8          ,32.9          ,33.6          ,32.9      ,32.9      ,32.9      ,32.8      ,33.0      ,33.1      ,---      ,---      ,---      ,22.1       ,23.0       ,23.3       ,62               ,63               ,64               ,10       ,110     ,1    ,
1         ,15:00       ,33.4       ,32.9          ,33.1          ,33.4          ,33.4      ,33.3      ,33.0      ,32.9      ,32.9      ,32.9      ,---      ,---      ,---      ,22.3       ,22.5       ,23.5       ,63               ,64.8             ,65               ,10       ,0       ,1    ,
1         ,16:00       ,33.4       ,32.6          ,32.8          ,33.3          ,32.9      ,32.8      ,33.1      ,32.9      ,32.7      ,32.6      ,---      ,---      ,---      ,21.4       ,21.8       ,22.4       ,64               ,65               ,66               ,10       ,0       ,1    ,
1         ,17:00       ,33.4       ,32.7          ,33.2          ,33.3          ,32.9      ,33.0      ,33.4      ,33.5      ,33.3      ,33.1      ,---      ,---      ,---      ,20.6       ,20.7       ,21.8       ,65               ,66               ,67               ,20       ,0       ,1    ,
1         ,18:00       ,33.4       ,32.7          ,32.9          ,33.3          ,33.3      ,33.1      ,32.8      ,32.8      ,32.9      ,32.7      ,---      ,---      ,---      ,20.1       ,20.1       ,20.6       ,65               ,67.7             ,68               ,20       ,0       ,1    ,
1         ,19:00       ,33.3       ,32.7          ,33.2          ,33.3          ,33.2      ,33.1      ,33.4      ,33.4      ,33.3      ,32.9      ,---      ,---      ,---      ,20.1       ,20.4       ,20.5       ,67               ,68               ,70               ,20       ,0       ,1    ,
1         ,20:00       ,33.3       ,32.6          ,33.2          ,33.2          ,32.5      ,33.3      ,33.6      ,33.4      ,33.1      ,33.0      ,---      ,---      ,---      ,20.2       ,20.3       ,20.4       ,68               ,69.8             ,71               ,20       ,0       ,1    ,
1         ,21:00       ,33.3       ,32.6          ,33.1          ,33.3          ,33.3      ,33.2      ,33.4      ,33.4      ,33.0      ,32.6      ,---      ,---      ,---      ,20.2       ,20.4       ,20.5       ,69               ,70.6             ,72               ,10       ,0       ,1    ,
1         ,22:00       ,33.3       ,32.7          ,32.8          ,33.2          ,33.0      ,32.7      ,32.8      ,32.7      ,32.8      ,32.5      ,---      ,---      ,---      ,20.4       ,20.5       ,20.5       ,70               ,70               ,72               ,10       ,0       ,1    ,
1         ,23:00       ,33.2       ,32.6          ,33.0          ,33.2          ,33.1      ,33.0      ,33.3      ,33.2      ,32.7      ,32.7      ,---      ,---      ,---      ,20.4       ,20.5       ,20.5       ,70               ,71.9             ,73               ,10       ,0       ,1    ,
2         ,00:00       ,33.2       ,32.5          ,33.0          ,33.4          ,32.8      ,33.0      ,33.1      ,33.1      ,33.2      ,32.9      ,---      ,---      ,---      ,19.9       ,20.0       ,20.5       ,71               ,71               ,73               ,0        ,0       ,1    ,
2         ,01:00       ,33.2       ,32.5          ,32.9          ,33.3          ,32.8      ,33.1      ,33.1      ,33.1      ,32.8      ,32.6      ,---      ,---      ,---      ,19.1       ,19.1       ,20.0       ,70               ,70               ,73               ,10       ,0       ,2    ,
2         ,02:00       ,33.2       ,32.5          ,33.2          ,33.6          ,32.9      ,33.1      ,33.7      ,33.6      ,33.5      ,32.5      ,---      ,---      ,---      ,18.8       ,18.8       ,19.1       ,70               ,70               ,72               ,10       ,0       ,5    ,
2         ,03:00       ,33.1       ,32.4          ,32.6          ,33.4          ,32.9      ,32.4      ,32.5      ,32.2      ,32.5      ,32.9      ,---      ,---      ,---      ,18.1       ,18.1       ,18.8       ,70               ,70.5             ,72               ,20       ,0       ,2    ,
2         ,04:00       ,33.1       ,32.4          ,33.1          ,33.4          ,32.8      ,33.0      ,33.7      ,33.6      ,33.3      ,32.3      ,---      ,---      ,---      ,17.9       ,18.0       ,18.1       ,70               ,70.1             ,72               ,20       ,0       ,2    ,
2         ,05:00       ,33.1       ,32.4          ,32.6          ,33.1          ,32.6      ,32.5      ,32.8      ,32.7      ,32.5      ,32.5      ,---      ,---      ,---      ,17.7       ,17.7       ,18.0       ,69               ,70.9             ,72               ,30       ,0       ,2    ,
2         ,06:00       ,33.1       ,32.3          ,32.5          ,33.4          ,32.7      ,32.7      ,32.5      ,32.3      ,32.5      ,32.5      ,---      ,---      ,---      ,17.6       ,17.7       ,17.8       ,69               ,69.5             ,72               ,20       ,0       ,2    ,
2         ,07:00       ,33.0       ,32.4          ,33.1          ,33.2          ,33.0      ,32.9      ,33.4      ,33.3      ,33.2      ,32.9      ,---      ,---      ,---      ,17.7       ,17.9       ,17.9       ,69               ,71.8             ,72               ,20       ,0       ,2    ,
2         ,08:00       ,33.0       ,32.2          ,32.9          ,33.3          ,33.0      ,33.1      ,33.2      ,33.0      ,32.4      ,32.8      ,---      ,---      ,---      ,17.9       ,18.1       ,18.1       ,70               ,72               ,73               ,20       ,0       ,2    ,
2         ,09:00       ,33.0       ,32.3          ,33.1          ,33.1          ,32.8      ,33.0      ,33.3      ,33.3      ,33.1      ,32.9      ,---      ,---      ,---      ,18.1       ,18.4       ,18.5       ,70               ,72               ,73               ,20       ,0       ,2    ,
2         ,10:00       ,33.0       ,32.3          ,32.5          ,33.0          ,32.5      ,32.3      ,32.7      ,32.5      ,32.4      ,32.7      ,---      ,---      ,---      ,18.3       ,18.4       ,18.5       ,71               ,72               ,74               ,20       ,238     ,2    ,
2         ,11:00       ,32.9       ,32.2          ,32.5          ,33.2          ,32.3      ,32.5      ,32.3      ,32.5      ,32.9      ,32.6      ,---      ,---      ,---      ,18.1       ,18.3       ,18.5       ,72               ,74.4             ,75               ,30       ,0       ,2    ,
2         ,12:00       ,32.9       ,32.3          ,32.4          ,32.9          ,32.6      ,32.2      ,32.7      ,32.5      ,32.5      ,32.2      ,---      ,---      ,---      ,18.0       ,18.0       ,18.6       ,73               ,73               ,76               ,30       ,0       ,2    ,
2         ,13:00       ,32.9       ,32.2          ,32.5          ,33.0          ,32.2      ,32.7      ,32.9      ,33.0      ,32.5      ,32.1      ,---      ,---      ,---      ,17.9       ,18.0       ,18.1       ,71               ,72.2             ,74               ,30       ,0       ,2    ,
2         ,14:00       ,32.9       ,32.2          ,32.3          ,33.0          ,32.4      ,32.3      ,32.1      ,32.0      ,32.5      ,32.5      ,---      ,---      ,---      ,17.4       ,17.8       ,18.0       ,72               ,72.3             ,74               ,30       ,0       ,2    ,
2         ,15:00       ,32.8       ,32.2          ,32.9          ,33.2          ,32.7      ,33.0      ,33.3      ,33.2      ,33.1      ,32.2      ,---      ,---      ,---      ,17.6       ,17.6       ,18.1       ,72               ,72.2             ,75               ,30       ,0       ,4    ,
2         ,16:00       ,32.8       ,32.1          ,32.4          ,33.2          ,32.3      ,32.1      ,32.3      ,32.5      ,32.7      ,32.5      ,---      ,---      ,---      ,17.3       ,17.3       ,17.6       ,71               ,72.9             ,74               ,20       ,0       ,2    ,
          ,            ,           ,              ,32.2          ,33.0          ,32.2      ,31.9      ,32.4      ,32.7      ,32.1      ,31.9      ,---      ,---      ,---      ,17.0       ,17.0       ,17.3       ,72               ,73               ,76               ,40       ,0       ,2    ,
          ,            ,           ,              ,              ,              ,          ,          ,          ,          ,          ,          ,         ,         ,         ,           ,17.0       ,17.2       ,73               ,74.5             ,76               ,30       ,0       ,2    ,
          ,            ,           ,              ,              ,              ,          ,          ,          ,          ,          ,          ,         ,         ,         ,           ,           ,           ,                 ,                 ,                 ,20       ,0       ,5    ,
          ,            ,           ,              ,              ,              ,          ,          ,          ,          ,          ,          ,         ,         ,         ,           ,           ,           ,                 ,                 ,                 ,         ,        ,     ,
          ,            ,           ,              ,              ,              ,          ,          ,          ,          ,          ,          ,         ,         ,         ,           ,           ,           ,                 ,                 ,                 ,         ,        ,     ,
          ,            ,           ,              ,              ,              ,          ,          ,          ,          ,          ,          ,         ,         ,         ,           ,           ,           ,                 ,                 ,                 ,         ,        ,     ,
