GrowthDay,TotalDrinkDaily,TotalDrinkChange,Water_1Daily,Water_1Change,Water_2Daily,Water_2Change,Water_3Daily,Water_3Change,Water_4Daily,Water_4Change,TotalWater,Coolpad,Fogger,Flushing,
-2       ,0              ,不详              ,0           ,不详           ,0           ,不详           ,0           ,不详           ,0           ,不详           ,0         ,0      ,0     ,0       ,
-1       ,133            ,不详              ,133         ,不详           ,0           ,不详           ,0           ,不详           ,0           ,不详           ,133       ,0      ,0     ,0       ,
0        ,451            ,239             ,451         ,239          ,0           ,不详           ,0           ,不详           ,0           ,不详           ,451       ,0      ,0     ,0       ,
1        ,1021           ,126             ,1021        ,126          ,0           ,不详           ,0           ,不详           ,0           ,不详           ,1021      ,0      ,0     ,0       ,
2        ,1518           ,48              ,1518        ,48           ,0           ,不详           ,0           ,不详           ,0           ,不详           ,1518      ,0      ,0     ,0       ,
3        ,1443           ,-5              ,1443        ,-5           ,0           ,不详           ,0           ,不详           ,0           ,不详           ,1443      ,0      ,0     ,0       ,
4        ,1767           ,22              ,1767        ,22           ,0           ,不详           ,0           ,不详           ,0           ,不详           ,1767      ,0      ,0     ,0       ,
5        ,2511           ,42              ,2511        ,42           ,0           ,不详           ,0           ,不详           ,0           ,不详           ,2511      ,0      ,0     ,0       ,
6        ,2120           ,-16             ,2120        ,-16          ,0           ,不详           ,0           ,不详           ,0           ,不详           ,2120      ,0      ,0     ,0       ,
7        ,2468           ,16              ,2468        ,16           ,0           ,不详           ,0           ,不详           ,0           ,不详           ,2468      ,0      ,0     ,0       ,
8        ,2106           ,-15             ,2106        ,-15          ,0           ,不详           ,0           ,不详           ,0           ,不详           ,2106      ,0      ,0     ,0       ,
9        ,2975           ,41              ,2975        ,41           ,0           ,不详           ,0           ,不详           ,0           ,不详           ,2975      ,0      ,0     ,0       ,
10       ,3504           ,17              ,3504        ,17           ,0           ,不详           ,0           ,不详           ,0           ,不详           ,3504      ,0      ,0     ,0       ,
11       ,3868           ,10              ,3868        ,10           ,0           ,不详           ,0           ,不详           ,0           ,不详           ,3868      ,0      ,0     ,0       ,
12       ,4397           ,13              ,4397        ,13           ,0           ,不详           ,0           ,不详           ,0           ,不详           ,4397      ,0      ,0     ,0       ,
13       ,4762           ,8               ,4762        ,8            ,0           ,不详           ,0           ,不详           ,0           ,不详           ,4762      ,0      ,0     ,0       ,
14       ,5098           ,7               ,5098        ,7            ,0           ,不详           ,0           ,不详           ,0           ,不详           ,5098      ,0      ,0     ,0       ,
15       ,5337           ,4               ,5337        ,4            ,0           ,不详           ,0           ,不详           ,0           ,不详           ,5337      ,0      ,0     ,0       ,
16       ,5666           ,6               ,5666        ,6            ,0           ,不详           ,0           ,不详           ,0           ,不详           ,5666      ,0      ,0     ,0       ,
17       ,6126           ,8               ,6126        ,8            ,0           ,不详           ,0           ,不详           ,0           ,不详           ,6126      ,0      ,0     ,0       ,
18       ,6505           ,6               ,6505        ,6            ,0           ,不详           ,0           ,不详           ,0           ,不详           ,6505      ,0      ,0     ,0       ,
19       ,7013           ,7               ,7013        ,7            ,0           ,不详           ,0           ,不详           ,0           ,不详           ,7013      ,0      ,0     ,0       ,
20       ,7474           ,6               ,7474        ,6            ,0           ,不详           ,0           ,不详           ,0           ,不详           ,7474      ,0      ,0     ,0       ,
21       ,7783           ,4               ,7783        ,4            ,0           ,不详           ,0           ,不详           ,0           ,不详           ,7783      ,0      ,0     ,0       ,
22       ,7697           ,-2              ,7697        ,-2           ,0           ,不详           ,0           ,不详           ,0           ,不详           ,7697      ,0      ,0     ,0       ,
23       ,8452           ,9               ,8452        ,9            ,0           ,不详           ,0           ,不详           ,0           ,不详           ,8452      ,0      ,0     ,0       ,
24       ,8328           ,-2              ,8328        ,-2           ,0           ,不详           ,0           ,不详           ,0           ,不详           ,8328      ,0      ,0     ,0       ,
25       ,9093           ,9               ,9093        ,9            ,0           ,不详           ,0           ,不详           ,0           ,不详           ,9093      ,0      ,0     ,0       ,
26       ,8986           ,-2              ,8986        ,-2           ,0           ,不详           ,0           ,不详           ,0           ,不详           ,8986      ,0      ,0     ,0       ,
27       ,8936           ,不详              ,8936        ,不详           ,0           ,不详           ,0           ,不详           ,0           ,不详           ,8936      ,0      ,0     ,0       ,
28       ,8983           ,0               ,8983        ,0            ,0           ,不详           ,0           ,不详           ,0           ,不详           ,8983      ,0      ,0     ,0       ,
29       ,9890           ,10              ,9890        ,10           ,0           ,不详           ,0           ,不详           ,0           ,不详           ,9890      ,0      ,0     ,0       ,
30       ,10442          ,5               ,10442       ,5            ,0           ,不详           ,0           ,不详           ,0           ,不详           ,10442     ,0      ,0     ,0       ,
31       ,9250           ,-12             ,9250        ,-12          ,0           ,不详           ,0           ,不详           ,0           ,不详           ,9250      ,0      ,0     ,0       ,
32       ,10352          ,11              ,10352       ,11           ,0           ,不详           ,0           ,不详           ,0           ,不详           ,10352     ,0      ,0     ,0       ,
33       ,9896           ,-5              ,9896        ,-5           ,0           ,不详           ,0           ,不详           ,0           ,不详           ,9896      ,0      ,0     ,0       ,
34       ,9857           ,不详              ,9857        ,不详           ,0           ,不详           ,0           ,不详           ,0           ,不详           ,9857      ,0      ,0     ,0       ,
35       ,9186           ,-7              ,9186        ,-7           ,0           ,不详           ,0           ,不详           ,0           ,不详           ,9186      ,0      ,0     ,0       ,
36       ,9037           ,-2              ,9037        ,-2           ,0           ,不详           ,0           ,不详           ,0           ,不详           ,9037      ,0      ,0     ,0       ,
37       ,2883           ,-69             ,2883        ,-69          ,0           ,不详           ,0           ,不详           ,0           ,不详           ,2883      ,0      ,0     ,0       ,
38       ,0              ,-100            ,0           ,-100         ,0           ,不详           ,0           ,不详           ,0           ,不详           ,0         ,0      ,0     ,0       ,
39       ,0              ,不详              ,0           ,不详           ,0           ,不详           ,0           ,不详           ,0           ,不详           ,0         ,0      ,0     ,0       ,
