GROWTH_DAY,HISTORY_TIME,TARGET_TEMP,HOUSE_TEMP_MIN,HOUSE_TEMP_AVG,HOUSE_TEMP_MAX,TEMP_1_AVG,TEMP_2_AVG,TEMP_3_AVG,TEMP_4_AVG,TEMP_5_AVG,TEMP_6_AVG,ATTIC_MIN,ATTIC_AVG,ATTIC_MAX,OUTSIDE_MIN,OUTSIDE_AVG,OUTSIDE_MAX,HUMIDITY_IN_1_MIN,HUMIDITY_IN_1_AVG,HUMIDITY_IN_1_MAX,WATER_CON,FEED_CON,LEVEL,
-2        ,10:00       ,35.5       ,12.3          ,12.6          ,12.7          ,12.8      ,13.0      ,13.1      ,12.0      ,12.7      ,12.3      ,---      ,---      ,---      ,7.8        ,8.9        ,8.9        ,-1               ,-1               ,---              ,0        ,0       ,1    ,
-2        ,11:00       ,35.5       ,12.7          ,13.3          ,13.3          ,13.3      ,13.5      ,13.5      ,12.6      ,13.4      ,13.1      ,---      ,---      ,---      ,8.9        ,11.8       ,11.9       ,-1               ,-1               ,---              ,0        ,0       ,1    ,
-2        ,12:00       ,35.5       ,13.3          ,14.2          ,14.2          ,14.1      ,14.4      ,14.4      ,13.6      ,14.4      ,14.1      ,---      ,---      ,---      ,11.8       ,12.6       ,13.6       ,-1               ,79.9             ,80               ,0        ,0       ,1    ,
-2        ,13:00       ,35.5       ,14.2          ,14.6          ,14.6          ,14.7      ,14.9      ,14.8      ,14.0      ,14.8      ,14.5      ,---      ,---      ,---      ,12.0       ,12.8       ,13.3       ,78               ,78               ,80               ,0        ,0       ,1    ,
-2        ,14:00       ,35.5       ,14.6          ,15.0          ,15.0          ,15.0      ,15.2      ,15.2      ,14.4      ,15.1      ,14.9      ,---      ,---      ,---      ,12.7       ,13.1       ,13.6       ,77               ,77               ,78               ,0        ,0       ,1    ,
-2        ,15:00       ,35.5       ,15.0          ,35.1          ,35.2          ,34.3      ,35.1      ,35.9      ,34.8      ,35.8      ,34.9      ,---      ,---      ,---      ,12.3       ,12.6       ,13.1       ,53               ,53               ,81               ,0        ,0       ,1    ,
-2        ,16:00       ,35.5       ,34.1          ,34.7          ,35.5          ,33.9      ,34.8      ,35.2      ,34.5      ,35.1      ,34.6      ,---      ,---      ,---      ,11.9       ,12.4       ,12.6       ,52               ,52.9             ,55               ,0        ,0       ,1    ,
-2        ,17:00       ,35.5       ,34.2          ,34.9          ,35.4          ,34.2      ,34.9      ,35.4      ,34.8      ,35.5      ,34.8      ,---      ,---      ,---      ,11.6       ,11.6       ,12.4       ,51               ,52               ,53               ,0        ,0       ,1    ,
-2        ,18:00       ,35.5       ,34.3          ,35.0          ,35.2          ,34.2      ,35.0      ,35.5      ,35.0      ,35.8      ,34.7      ,---      ,---      ,---      ,11.1       ,11.1       ,11.6       ,51               ,51.8             ,53               ,0        ,0       ,1    ,
-2        ,19:00       ,35.5       ,34.3          ,34.6          ,35.2          ,34.0      ,34.6      ,35.0      ,34.4      ,35.3      ,34.7      ,---      ,---      ,---      ,10.5       ,10.9       ,11.1       ,51               ,51               ,52               ,0        ,0       ,1    ,
-2        ,20:00       ,35.5       ,34.3          ,34.6          ,35.2          ,34.0      ,34.7      ,35.0      ,34.4      ,35.1      ,34.3      ,---      ,---      ,---      ,9.8        ,9.8        ,10.9       ,49               ,49               ,51               ,0        ,0       ,1    ,
-2        ,21:00       ,35.5       ,34.0          ,34.3          ,35.7          ,33.5      ,34.1      ,34.7      ,34.3      ,34.6      ,34.1      ,---      ,---      ,---      ,9.8        ,10.4       ,10.4       ,48               ,48.1             ,50               ,0        ,0       ,1    ,
-2        ,22:00       ,35.5       ,33.8          ,35.5          ,35.7          ,35.0      ,35.5      ,35.8      ,35.2      ,35.9      ,35.4      ,---      ,---      ,---      ,10.2       ,10.2       ,10.5       ,46               ,46.9             ,49               ,0        ,0       ,1    ,
-2        ,23:00       ,35.5       ,33.9          ,34.5          ,35.8          ,34.4      ,34.4      ,34.5      ,34.4      ,34.9      ,34.5      ,---      ,---      ,---      ,9.8        ,9.8        ,10.2       ,46               ,46.9             ,47               ,0        ,0       ,1    ,
-1        ,00:00       ,35.5       ,34.0          ,34.2          ,35.8          ,33.6      ,34.2      ,34.7      ,34.0      ,34.5      ,33.8      ,---      ,---      ,---      ,9.2        ,9.2        ,9.8        ,46               ,46               ,47               ,0        ,0       ,1    ,
-1        ,01:00       ,35.5       ,33.8          ,35.0          ,35.8          ,34.4      ,34.7      ,35.4      ,35.0      ,35.5      ,34.9      ,---      ,---      ,---      ,8.9        ,8.9        ,9.2        ,45               ,46               ,47               ,0        ,0       ,1    ,
-1        ,02:00       ,35.5       ,33.8          ,35.7          ,35.8          ,35.5      ,35.6      ,36.0      ,35.6      ,36.1      ,35.5      ,---      ,---      ,---      ,8.8        ,8.8        ,9.0        ,45               ,45               ,47               ,0        ,0       ,1    ,
-1        ,03:00       ,35.4       ,33.8          ,34.4          ,35.7          ,33.9      ,34.2      ,34.6      ,34.5      ,34.9      ,34.4      ,---      ,---      ,---      ,8.6        ,8.7        ,8.8        ,44               ,45               ,46               ,0        ,0       ,1    ,
-1        ,04:00       ,35.4       ,33.9          ,34.0          ,35.6          ,33.3      ,33.8      ,34.5      ,34.1      ,34.5      ,33.8      ,---      ,---      ,---      ,8.3        ,8.3        ,8.7        ,44               ,44.9             ,46               ,0        ,0       ,1    ,
-1        ,05:00       ,35.4       ,33.8          ,35.0          ,35.7          ,34.5      ,34.8      ,35.6      ,34.8      ,35.1      ,34.6      ,---      ,---      ,---      ,8.2        ,8.2        ,8.4        ,44               ,44.1             ,46               ,0        ,0       ,1    ,
-1        ,06:00       ,35.4       ,33.8          ,35.6          ,35.6          ,35.7      ,35.3      ,35.9      ,35.5      ,35.8      ,35.2      ,---      ,---      ,---      ,8.1        ,8.1        ,8.3        ,44               ,44.9             ,45               ,0        ,0       ,1    ,
-1        ,07:00       ,35.3       ,33.8          ,34.5          ,35.6          ,34.1      ,34.5      ,34.9      ,34.3      ,35.0      ,34.4      ,---      ,---      ,---      ,7.8        ,7.8        ,8.1        ,44               ,44.9             ,45               ,0        ,0       ,1    ,
-1        ,08:00       ,35.3       ,33.8          ,34.2          ,35.5          ,33.4      ,34.0      ,34.8      ,34.1      ,34.8      ,33.9      ,---      ,---      ,---      ,7.7        ,7.9        ,7.9        ,44               ,45.2             ,47               ,0        ,0       ,1    ,
-1        ,09:00       ,35.3       ,34.0          ,34.9          ,35.5          ,34.5      ,35.0      ,35.5      ,34.8      ,35.2      ,34.3      ,---      ,---      ,---      ,7.9        ,8.1        ,8.1        ,45               ,45               ,47               ,0        ,0       ,1    ,
-1        ,10:00       ,35.3       ,33.9          ,35.3          ,35.5          ,35.1      ,35.4      ,35.5      ,35.2      ,35.7      ,35.2      ,---      ,---      ,---      ,8.1        ,8.4        ,8.6        ,45               ,46               ,48               ,0        ,0       ,1    ,
-1        ,11:00       ,35.3       ,33.8          ,34.0          ,35.4          ,33.1      ,34.0      ,34.5      ,33.9      ,34.4      ,34.1      ,---      ,---      ,---      ,8.3        ,8.7        ,8.8        ,45               ,46.7             ,47               ,0        ,0       ,1    ,
-1        ,12:00       ,35.3       ,33.8          ,34.8          ,35.5          ,34.2      ,34.8      ,35.4      ,34.7      ,35.1      ,34.5      ,---      ,---      ,---      ,8.6        ,9.2        ,9.5        ,44               ,44.5             ,47               ,0        ,0       ,1    ,
-1        ,13:00       ,35.2       ,33.9          ,35.1          ,35.6          ,34.9      ,35.3      ,35.1      ,35.0      ,35.5      ,35.0      ,---      ,---      ,---      ,9.1        ,9.5        ,9.5        ,43               ,45.2             ,46               ,0        ,0       ,1    ,
-1        ,14:00       ,35.2       ,33.8          ,33.8          ,35.5          ,33.1      ,33.7      ,34.4      ,33.8      ,34.3      ,33.9      ,---      ,---      ,---      ,9.3        ,10.0       ,10.0       ,43               ,44.9             ,46               ,0        ,0       ,1    ,
-1        ,15:00       ,35.2       ,33.7          ,34.9          ,35.5          ,34.3      ,34.8      ,35.4      ,34.7      ,35.2      ,34.8      ,---      ,---      ,---      ,9.7        ,9.7        ,10.2       ,43               ,43.1             ,46               ,0        ,0       ,1    ,
-1        ,16:00       ,35.2       ,33.8          ,34.9          ,35.4          ,34.3      ,34.8      ,35.3      ,34.7      ,35.2      ,34.9      ,---      ,---      ,---      ,9.6        ,9.6        ,9.9        ,43               ,45               ,46               ,0        ,0       ,1    ,
-1        ,17:00       ,35.1       ,33.8          ,34.1          ,35.5          ,33.6      ,34.1      ,34.7      ,33.9      ,34.4      ,33.9      ,---      ,---      ,---      ,9.0        ,9.0        ,9.6        ,44               ,44.6             ,46               ,0        ,0       ,1    ,
-1        ,18:00       ,35.1       ,33.8          ,35.2          ,35.4          ,34.8      ,35.1      ,35.7      ,35.2      ,35.6      ,35.1      ,---      ,---      ,---      ,8.8        ,8.8        ,9.0        ,44               ,45               ,47               ,0        ,0       ,1    ,
-1        ,19:00       ,35.1       ,33.7          ,33.8          ,35.3          ,33.0      ,33.8      ,34.3      ,33.8      ,34.2      ,33.7      ,---      ,---      ,---      ,8.4        ,8.5        ,8.8        ,44               ,46.6             ,47               ,0        ,0       ,1    ,
-1        ,20:00       ,35.1       ,33.7          ,34.6          ,35.3          ,34.1      ,34.6      ,35.2      ,34.5      ,34.9      ,34.3      ,---      ,---      ,---      ,8.2        ,8.3        ,8.5        ,44               ,44               ,47               ,0        ,0       ,1    ,
-1        ,21:00       ,35.1       ,33.6          ,35.1          ,35.3          ,34.8      ,35.1      ,35.4      ,34.9      ,35.3      ,35.1      ,---      ,---      ,---      ,8.2        ,8.2        ,8.3        ,44               ,45               ,47               ,0        ,0       ,1    ,
-1        ,22:00       ,35.0       ,33.7          ,34.0          ,35.2          ,33.6      ,34.1      ,34.2      ,33.7      ,34.2      ,34.1      ,---      ,---      ,---      ,8.0        ,8.0        ,8.2        ,44               ,45.8             ,46               ,0        ,0       ,1    ,
-1        ,23:00       ,35.0       ,33.6          ,34.1          ,35.3          ,33.5      ,34.0      ,34.6      ,33.9      ,34.5      ,33.9      ,---      ,---      ,---      ,7.9        ,7.9        ,8.0        ,43               ,43.9             ,46               ,0        ,0       ,1    ,
0         ,00:00       ,35.0       ,33.6          ,35.0          ,35.3          ,34.7      ,34.8      ,35.1      ,34.8      ,35.2      ,34.9      ,---      ,---      ,---      ,7.8        ,7.8        ,7.9        ,43               ,45               ,46               ,0        ,0       ,1    ,
0         ,01:00       ,35.0       ,33.5          ,33.9          ,35.2          ,33.5      ,34.0      ,34.1      ,33.7      ,34.1      ,33.9      ,---      ,---      ,---      ,7.6        ,7.6        ,7.8        ,43               ,44.9             ,46               ,0        ,0       ,1    ,
0         ,02:00       ,35.0       ,33.6          ,33.8          ,35.2          ,33.2      ,33.7      ,34.4      ,33.5      ,34.2      ,33.7      ,---      ,---      ,---      ,7.6        ,7.6        ,7.6        ,43               ,43.9             ,45               ,0        ,0       ,1    ,
0         ,03:00       ,34.9       ,33.6          ,34.9          ,35.2          ,34.4      ,35.0      ,35.3      ,34.8      ,35.3      ,34.8      ,---      ,---      ,---      ,7.5        ,7.5        ,7.6        ,43               ,44               ,45               ,0        ,0       ,1    ,
0         ,04:00       ,34.9       ,33.5          ,34.0          ,35.3          ,33.4      ,34.1      ,34.4      ,33.9      ,34.3      ,34.0      ,---      ,---      ,---      ,7.4        ,7.4        ,7.5        ,43               ,45.7             ,46               ,0        ,0       ,1    ,
0         ,05:00       ,34.9       ,33.5          ,33.9          ,35.0          ,33.3      ,33.9      ,34.5      ,33.7      ,34.3      ,33.8      ,---      ,---      ,---      ,7.3        ,7.3        ,7.5        ,43               ,44.9             ,46               ,0        ,0       ,1    ,
0         ,06:00       ,34.9       ,33.4          ,34.9          ,35.1          ,34.5      ,34.7      ,35.2      ,34.8      ,35.2      ,35.0      ,---      ,---      ,---      ,7.2        ,7.2        ,7.3        ,43               ,43.2             ,46               ,0        ,0       ,1    ,
0         ,07:00       ,34.8       ,33.3          ,33.4          ,35.2          ,32.7      ,32.9      ,33.8      ,33.3      ,33.9      ,33.7      ,---      ,---      ,---      ,7.1        ,7.1        ,7.3        ,43               ,44.3             ,45               ,0        ,1082    ,1    ,
0         ,08:00       ,34.8       ,33.4          ,33.9          ,35.1          ,33.2      ,33.8      ,34.5      ,33.7      ,34.3      ,33.6      ,---      ,---      ,---      ,7.1        ,7.2        ,7.3        ,43               ,44               ,46               ,0        ,605     ,1    ,
0         ,09:00       ,34.8       ,33.5          ,35.0          ,35.1          ,34.8      ,34.9      ,35.3      ,35.0      ,35.3      ,35.1      ,---      ,---      ,---      ,7.2        ,7.5        ,7.7        ,44               ,44               ,46               ,0        ,0       ,1    ,
21        ,15:00       ,24.7       ,24.5          ,24.8          ,25.6          ,24.9      ,24.1      ,24.6      ,24.7      ,25.5      ,25.4      ,---      ,---      ,---      ,15.0       ,16.3       ,16.4       ,61               ,61.8             ,71               ,240      ,0       ,15   ,
21        ,16:00       ,24.7       ,24.6          ,24.7          ,25.6          ,24.8      ,24.1      ,24.3      ,24.6      ,25.5      ,25.1      ,---      ,---      ,---      ,15.9       ,16.3       ,16.8       ,60               ,61               ,67               ,290      ,0       ,15   ,
21        ,17:00       ,24.7       ,24.5          ,24.5          ,25.3          ,24.6      ,24.2      ,24.2      ,24.4      ,25.1      ,24.8      ,---      ,---      ,---      ,14.6       ,14.6       ,16.4       ,61               ,64.3             ,67               ,350      ,0       ,10   ,
21        ,18:00       ,24.7       ,24.4          ,24.7          ,25.5          ,24.4      ,24.4      ,24.6      ,24.9      ,25.3      ,24.9      ,---      ,---      ,---      ,11.5       ,11.5       ,14.6       ,65               ,71.5             ,74               ,390      ,0       ,7    ,
21        ,19:00       ,24.7       ,24.3          ,24.8          ,25.6          ,24.3      ,24.2      ,24.5      ,25.0      ,25.3      ,25.6      ,---      ,---      ,---      ,10.7       ,10.7       ,11.5       ,71               ,74.1             ,78               ,350      ,422     ,5    ,
21        ,20:00       ,25.0       ,24.5          ,25.0          ,26.0          ,25.0      ,25.3      ,24.7      ,25.0      ,25.1      ,24.9      ,---      ,---      ,---      ,9.8        ,9.9        ,10.8       ,73               ,73.7             ,79               ,270      ,633     ,5    ,
21        ,21:00       ,25.0       ,24.4          ,24.7          ,25.7          ,24.5      ,24.7      ,24.5      ,25.0      ,24.9      ,24.8      ,---      ,---      ,---      ,6.9        ,8.0        ,9.8        ,73               ,75.3             ,78               ,20       ,0       ,5    ,
21        ,22:00       ,24.9       ,24.5          ,24.7          ,25.7          ,25.0      ,24.8      ,24.4      ,24.9      ,24.8      ,24.6      ,---      ,---      ,---      ,6.8        ,7.6        ,8.6        ,73               ,73.9             ,79               ,10       ,0       ,5    ,
21        ,23:00       ,24.9       ,24.4          ,24.8          ,25.6          ,25.0      ,24.9      ,24.3      ,24.9      ,24.9      ,24.5      ,---      ,---      ,---      ,7.4        ,7.4        ,8.0        ,73               ,73.7             ,79               ,20       ,0       ,5    ,
22        ,00:00       ,24.9       ,24.2          ,24.4          ,25.7          ,24.5      ,24.4      ,24.0      ,24.5      ,24.5      ,24.3      ,---      ,---      ,---      ,7.0        ,7.2        ,7.5        ,73               ,74.3             ,78               ,10       ,0       ,5    ,
22        ,01:00       ,24.9       ,24.2          ,24.5          ,26.3          ,24.6      ,24.2      ,24.2      ,24.5      ,24.8      ,24.4      ,---      ,---      ,---      ,6.7        ,7.1        ,7.3        ,74               ,78.3             ,82               ,630      ,0       ,6    ,
22        ,02:00       ,24.9       ,24.3          ,24.6          ,25.6          ,24.9      ,24.5      ,24.2      ,24.3      ,24.7      ,24.8      ,---      ,---      ,---      ,6.5        ,6.9        ,7.1        ,76               ,78.6             ,83               ,400      ,0       ,5    ,
22        ,03:00       ,24.9       ,24.4          ,25.0          ,25.7          ,25.3      ,25.2      ,24.9      ,25.0      ,25.0      ,24.7      ,---      ,---      ,---      ,6.4        ,6.4        ,6.9        ,78               ,80.8             ,84               ,350      ,0       ,5    ,
22        ,04:00       ,24.9       ,24.3          ,24.4          ,25.7          ,24.0      ,24.4      ,24.4      ,24.3      ,24.7      ,24.4      ,---      ,---      ,---      ,6.3        ,6.9        ,7.0        ,79               ,81.2             ,84               ,290      ,0       ,5    ,
22        ,05:00       ,24.9       ,24.5          ,24.6          ,25.6          ,24.6      ,24.5      ,24.1      ,24.7      ,24.7      ,25.1      ,---      ,---      ,---      ,6.9        ,6.9        ,7.1        ,79               ,79.8             ,85               ,280      ,0       ,5    ,
22        ,06:00       ,24.8       ,24.3          ,24.8          ,25.9          ,24.1      ,24.3      ,24.8      ,25.4      ,25.2      ,25.1      ,---      ,---      ,---      ,6.3        ,6.9        ,7.0        ,78               ,81.3             ,84               ,270      ,981     ,5    ,
22        ,07:00       ,24.8       ,24.4          ,24.6          ,25.8          ,24.4      ,24.8      ,24.3      ,24.7      ,24.8      ,24.9      ,---      ,---      ,---      ,6.8        ,6.8        ,7.4        ,79               ,81.4             ,85               ,430      ,18      ,5    ,
22        ,08:00       ,24.8       ,24.4          ,24.8          ,25.7          ,24.1      ,24.8      ,24.5      ,24.9      ,25.2      ,25.1      ,---      ,---      ,---      ,6.3        ,7.7        ,7.8        ,79               ,79.6             ,86               ,330      ,0       ,6    ,
22        ,09:00       ,24.8       ,24.5          ,25.0          ,25.8          ,25.0      ,25.3      ,24.8      ,24.7      ,24.9      ,25.1      ,---      ,---      ,---      ,7.8        ,10.3       ,10.4       ,76               ,76.7             ,84               ,260      ,0       ,7    ,
22        ,10:00       ,24.8       ,24.6          ,25.4          ,25.8          ,25.2      ,25.4      ,25.2      ,25.3      ,25.6      ,25.4      ,---      ,---      ,---      ,10.4       ,12.9       ,13.1       ,70               ,72               ,79               ,280      ,0       ,11   ,
22        ,11:00       ,24.8       ,24.6          ,24.9          ,25.8          ,24.6      ,24.0      ,24.6      ,25.1      ,25.5      ,25.4      ,---      ,---      ,---      ,12.9       ,14.5       ,14.8       ,66               ,69.2             ,75               ,260      ,0       ,14   ,
22        ,12:00       ,24.6       ,24.6          ,24.9          ,25.6          ,25.3      ,24.5      ,24.6      ,24.7      ,25.2      ,25.2      ,---      ,---      ,---      ,14.5       ,15.9       ,16.0       ,61               ,62.6             ,71               ,240      ,0       ,15   ,
22        ,13:00       ,24.5       ,24.5          ,25.0          ,25.3          ,25.3      ,24.3      ,24.3      ,24.9      ,25.5      ,25.3      ,---      ,---      ,---      ,15.8       ,17.0       ,17.2       ,59               ,62.2             ,67               ,270      ,761     ,16   ,
22        ,14:00       ,24.5       ,24.6          ,25.3          ,25.7          ,25.2      ,24.8      ,24.9      ,25.3      ,25.8      ,25.9      ,---      ,---      ,---      ,16.7       ,18.1       ,18.5       ,60               ,63.5             ,66               ,320      ,0       ,16   ,
22        ,15:00       ,24.5       ,24.9          ,25.7          ,25.8          ,25.7      ,25.1      ,25.3      ,25.6      ,26.2      ,26.1      ,---      ,---      ,---      ,17.5       ,18.3       ,19.1       ,56               ,59.4             ,63               ,280      ,0       ,16   ,
22        ,16:00       ,24.5       ,24.9          ,25.4          ,25.8          ,25.7      ,24.9      ,25.2      ,25.4      ,25.9      ,25.4      ,---      ,---      ,---      ,17.2       ,17.3       ,18.5       ,55               ,61.3             ,63               ,350      ,0       ,16   ,
22        ,17:00       ,24.5       ,24.5          ,24.9          ,25.5          ,25.0      ,24.3      ,24.5      ,24.7      ,25.3      ,25.3      ,---      ,---      ,---      ,15.9       ,15.9       ,17.2       ,55               ,62.3             ,64               ,360      ,0       ,15   ,
22        ,18:00       ,24.5       ,24.2          ,25.0          ,25.3          ,25.2      ,24.7      ,24.8      ,24.9      ,25.4      ,25.1      ,---      ,---      ,---      ,13.3       ,13.3       ,15.8       ,58               ,68               ,69               ,370      ,0       ,10   ,
22        ,19:00       ,24.5       ,24.1          ,25.0          ,25.4          ,24.7      ,24.5      ,24.8      ,25.1      ,25.2      ,25.4      ,---      ,---      ,---      ,11.9       ,11.9       ,13.3       ,65               ,72.8             ,75               ,350      ,1018    ,8    ,
22        ,20:00       ,24.5       ,24.1          ,24.5          ,25.2          ,24.5      ,24.3      ,24.1      ,24.5      ,24.8      ,24.6      ,---      ,---      ,---      ,11.0       ,11.1       ,11.9       ,68               ,70.9             ,74               ,260      ,64      ,5    ,
22        ,21:00       ,24.5       ,24.2          ,24.7          ,25.0          ,24.7      ,24.3      ,24.2      ,24.9      ,25.0      ,24.9      ,---      ,---      ,---      ,10.3       ,10.3       ,11.0       ,68               ,71.8             ,74               ,10       ,0       ,5    ,
22        ,22:00       ,24.5       ,24.0          ,24.9          ,25.2          ,24.9      ,25.1      ,24.9      ,25.0      ,24.9      ,24.5      ,---      ,---      ,---      ,7.8        ,7.8        ,10.3       ,68               ,74.1             ,75               ,0        ,0       ,5    ,
22        ,23:00       ,24.4       ,23.8          ,24.4          ,25.3          ,24.5      ,24.5      ,24.1      ,24.8      ,24.5      ,24.1      ,---      ,---      ,---      ,6.4        ,6.4        ,7.7        ,69               ,74.3             ,76               ,10       ,0       ,5    ,
23        ,00:00       ,24.4       ,23.5          ,24.4          ,25.2          ,24.2      ,24.2      ,24.1      ,24.6      ,24.5      ,24.6      ,---      ,---      ,---      ,5.5        ,5.6        ,6.5        ,68               ,72.9             ,76               ,0        ,0       ,5    ,
23        ,01:00       ,24.4       ,23.6          ,24.4          ,26.0          ,24.2      ,24.0      ,24.2      ,24.5      ,24.9      ,24.7      ,---      ,---      ,---      ,4.7        ,4.7        ,5.5        ,69               ,79.2             ,82               ,590      ,0       ,6    ,
23        ,02:00       ,24.4       ,23.6          ,24.4          ,25.1          ,24.7      ,24.4      ,24.5      ,24.2      ,24.4      ,24.3      ,---      ,---      ,---      ,4.3        ,4.3        ,4.9        ,75               ,78.5             ,82               ,390      ,0       ,6    ,
23        ,03:00       ,24.4       ,23.4          ,24.9          ,25.1          ,25.4      ,25.2      ,24.8      ,24.4      ,24.8      ,24.7      ,---      ,---      ,---      ,3.8        ,3.8        ,4.3        ,74               ,78.4             ,81               ,330      ,0       ,6    ,
23        ,04:00       ,24.4       ,23.5          ,24.9          ,25.2          ,25.0      ,25.3      ,24.8      ,24.6      ,24.7      ,25.0      ,---      ,---      ,---      ,3.1        ,3.3        ,3.8        ,74               ,80.3             ,81               ,320      ,0       ,6    ,
23        ,05:00       ,24.4       ,23.3          ,24.6          ,25.3          ,24.2      ,24.5      ,24.7      ,24.8      ,24.6      ,24.6      ,---      ,---      ,---      ,1.5        ,1.9        ,3.3        ,75               ,81.2             ,83               ,270      ,0       ,6    ,
23        ,06:00       ,24.4       ,23.5          ,24.4          ,25.1          ,24.0      ,24.3      ,24.4      ,24.9      ,24.4      ,24.5      ,---      ,---      ,---      ,1.1        ,1.3        ,2.2        ,77               ,81.2             ,84               ,260      ,991     ,6    ,
23        ,07:00       ,24.3       ,23.3          ,25.0          ,25.3          ,25.3      ,25.2      ,24.9      ,25.2      ,24.7      ,24.9      ,---      ,---      ,---      ,0.9        ,1.9        ,1.9        ,78               ,81.8             ,84               ,430      ,64      ,6    ,
23        ,08:00       ,24.3       ,23.5          ,24.9          ,25.6          ,25.0      ,25.1      ,25.2      ,24.9      ,24.8      ,24.4      ,---      ,---      ,---      ,1.5        ,5.2        ,5.3        ,78               ,81.2             ,85               ,200      ,0       ,6    ,
23        ,09:00       ,24.3       ,23.8          ,24.7          ,25.3          ,24.5      ,24.5      ,24.4      ,24.6      ,25.1      ,25.0      ,---      ,---      ,---      ,5.3        ,7.2        ,7.3        ,77               ,80.1             ,84               ,230      ,0       ,8    ,
23        ,10:00       ,24.3       ,23.8          ,24.8          ,25.3          ,24.8      ,24.8      ,24.6      ,24.7      ,25.0      ,25.2      ,---      ,---      ,---      ,7.2        ,9.3        ,9.4        ,75               ,78.5             ,81               ,290      ,0       ,8    ,
23        ,11:00       ,24.3       ,24.0          ,24.6          ,25.2          ,24.3      ,24.2      ,24.6      ,24.7      ,25.3      ,24.9      ,---      ,---      ,---      ,9.2        ,10.4       ,10.6       ,75               ,78.9             ,82               ,280      ,0       ,6    ,
23        ,12:00       ,24.3       ,23.9          ,25.2          ,25.4          ,25.0      ,24.8      ,25.2      ,25.4      ,25.4      ,25.4      ,---      ,---      ,---      ,10.6       ,12.3       ,12.5       ,71               ,75.6             ,82               ,250      ,0       ,10   ,
23        ,13:00       ,24.3       ,23.9          ,24.6          ,25.4          ,24.2      ,24.3      ,24.4      ,24.6      ,25.0      ,25.3      ,---      ,---      ,---      ,12.0       ,12.5       ,13.1       ,68               ,75.5             ,77               ,330      ,954     ,6    ,
23        ,14:00       ,24.3       ,23.9          ,24.9          ,25.1          ,24.8      ,24.5      ,24.7      ,25.0      ,25.2      ,25.3      ,---      ,---      ,---      ,12.4       ,12.6       ,13.0       ,71               ,75.9             ,79               ,310      ,0       ,6    ,
23        ,15:00       ,24.0       ,23.8          ,24.3          ,25.3          ,24.1      ,23.9      ,24.2      ,24.3      ,24.9      ,24.6      ,---      ,---      ,---      ,11.1       ,11.3       ,12.9       ,68               ,72               ,78               ,300      ,0       ,7    ,
23        ,16:00       ,24.0       ,23.8          ,24.2          ,25.1          ,23.9      ,23.7      ,23.8      ,24.5      ,25.0      ,24.7      ,---      ,---      ,---      ,10.1       ,10.3       ,11.6       ,69               ,72.5             ,77               ,310      ,0       ,7    ,
23        ,17:00       ,24.0       ,23.8          ,24.2          ,25.2          ,23.7      ,23.7      ,24.0      ,24.5      ,24.8      ,24.5      ,---      ,---      ,---      ,8.5        ,8.5        ,10.3       ,70               ,75.8             ,79               ,340      ,0       ,8    ,
23        ,18:00       ,24.0       ,23.7          ,24.1          ,24.9          ,23.7      ,23.9      ,23.9      ,24.4      ,24.5      ,24.3      ,---      ,---      ,---      ,7.6        ,7.6        ,8.6        ,72               ,77.1             ,81               ,350      ,0       ,7    ,
23        ,19:00       ,24.0       ,23.5          ,24.3          ,25.0          ,24.6      ,24.1      ,24.0      ,24.2      ,24.6      ,24.6      ,---      ,---      ,---      ,7.3        ,7.3        ,7.6        ,73               ,76.7             ,81               ,300      ,1082    ,7    ,
23        ,20:00       ,24.0       ,23.3          ,23.8          ,25.0          ,23.5      ,23.8      ,23.9      ,23.8      ,24.1      ,23.9      ,---      ,---      ,---      ,6.8        ,6.8        ,7.3        ,74               ,75.8             ,82               ,280      ,156     ,7    ,
23        ,21:00       ,24.2       ,23.4          ,23.9          ,24.9          ,23.8      ,23.8      ,23.9      ,24.1      ,24.0      ,23.9      ,---      ,---      ,---      ,6.1        ,6.2        ,6.8        ,72               ,74.7             ,79               ,0        ,0       ,7    ,
23        ,22:00       ,24.2       ,23.3          ,24.0          ,25.0          ,23.9      ,24.1      ,23.7      ,24.0      ,24.1      ,24.3      ,---      ,---      ,---      ,6.2        ,6.3        ,6.4        ,71               ,72.9             ,78               ,0        ,0       ,7    ,
23        ,23:00       ,24.1       ,23.3          ,23.8          ,25.0          ,23.9      ,24.1      ,23.6      ,23.7      ,23.7      ,23.5      ,---      ,---      ,---      ,6.2        ,6.2        ,6.3        ,71               ,72.5             ,77               ,0        ,0       ,7    ,
24        ,00:00       ,24.1       ,23.3          ,23.6          ,24.9          ,23.6      ,23.6      ,23.7      ,23.8      ,23.6      ,23.5      ,---      ,---      ,---      ,4.7        ,4.7        ,6.2        ,71               ,73.3             ,77               ,10       ,0       ,7    ,
24        ,01:00       ,24.1       ,23.1          ,24.0          ,25.9          ,24.3      ,24.5      ,24.0      ,23.9      ,23.8      ,23.9      ,---      ,---      ,---      ,3.0        ,3.5        ,4.7        ,72               ,77.7             ,83               ,620      ,0       ,8    ,
24        ,02:00       ,24.1       ,23.2          ,23.6          ,25.1          ,23.7      ,23.3      ,23.7      ,23.9      ,23.6      ,23.3      ,---      ,---      ,---      ,3.2        ,3.2        ,3.7        ,75               ,78.3             ,82               ,420      ,0       ,8    ,
24        ,03:00       ,24.1       ,22.9          ,23.5          ,25.4          ,23.6      ,23.3      ,23.5      ,23.5      ,23.6      ,23.4      ,---      ,---      ,---      ,2.9        ,3.0        ,3.3        ,75               ,77.8             ,83               ,330      ,0       ,8    ,
24        ,04:00       ,24.1       ,23.3          ,23.6          ,25.0          ,23.8      ,23.6      ,23.6      ,23.7      ,23.8      ,23.2      ,---      ,---      ,---      ,1.9        ,2.1        ,3.1        ,76               ,76.9             ,83               ,320      ,0       ,8    ,
24        ,05:00       ,24.1       ,22.9          ,23.7          ,25.1          ,23.4      ,23.4      ,23.9      ,23.9      ,24.0      ,23.8      ,---      ,---      ,---      ,1.7        ,1.7        ,2.2        ,75               ,77.9             ,83               ,280      ,0       ,8    ,
24        ,06:00       ,24.1       ,22.8          ,23.1          ,25.2          ,23.2      ,22.9      ,23.0      ,23.0      ,23.4      ,23.5      ,---      ,---      ,---      ,1.3        ,1.4        ,1.7        ,76               ,77.3             ,83               ,250      ,1027    ,8    ,
24        ,07:00       ,24.0       ,22.9          ,23.3          ,25.2          ,23.3      ,23.5      ,23.1      ,23.4      ,23.4      ,23.0      ,---      ,---      ,---      ,1.2        ,1.3        ,1.5        ,77               ,78.6             ,84               ,490      ,137     ,8    ,
24        ,08:00       ,24.0       ,22.9          ,23.5          ,25.0          ,23.4      ,23.4      ,23.5      ,23.4      ,23.8      ,23.5      ,---      ,---      ,---      ,1.4        ,3.7        ,3.8        ,77               ,77.5             ,85               ,350      ,0       ,8    ,
24        ,09:00       ,24.0       ,23.4          ,23.6          ,24.7          ,23.3      ,23.2      ,23.3      ,23.7      ,24.1      ,24.0      ,---      ,---      ,---      ,3.8        ,6.0        ,6.1        ,76               ,77.4             ,83               ,330      ,0       ,8    ,
24        ,10:00       ,24.0       ,23.6          ,24.3          ,25.1          ,24.6      ,24.2      ,24.2      ,24.0      ,24.3      ,24.2      ,---      ,---      ,---      ,6.1        ,8.7        ,8.7        ,74               ,75.6             ,81               ,350      ,0       ,10   ,
24        ,11:00       ,23.8       ,23.7          ,24.0          ,25.0          ,24.7      ,24.1      ,23.5      ,23.4      ,24.0      ,24.0      ,---      ,---      ,---      ,8.7        ,11.0       ,11.3       ,70               ,71.5             ,80               ,310      ,0       ,12   ,
24        ,12:00       ,23.8       ,23.7          ,24.0          ,24.6          ,24.5      ,23.9      ,23.7      ,23.7      ,24.2      ,24.0      ,---      ,---      ,---      ,10.9       ,12.9       ,13.3       ,67               ,69.2             ,76               ,280      ,0       ,15   ,
24        ,13:00       ,23.8       ,23.5          ,24.1          ,24.8          ,24.4      ,24.0      ,23.8      ,23.8      ,24.2      ,24.2      ,---      ,---      ,---      ,12.6       ,14.3       ,14.5       ,64               ,68.7             ,73               ,340      ,972     ,15   ,
24        ,14:00       ,23.8       ,23.8          ,24.8          ,25.1          ,25.1      ,24.6      ,24.6      ,24.5      ,25.0      ,24.9      ,---      ,---      ,---      ,14.5       ,15.9       ,16.0       ,63               ,66.2             ,71               ,330      ,0       ,15   ,
24        ,15:00       ,23.8       ,24.6          ,25.0          ,25.6          ,24.9      ,24.7      ,24.9      ,24.9      ,25.4      ,25.3      ,---      ,---      ,---      ,15.1       ,15.7       ,16.1       ,62               ,64.2             ,69               ,370      ,0       ,15   ,
24        ,16:00       ,23.8       ,24.5          ,24.9          ,25.5          ,24.6      ,24.8      ,24.7      ,24.7      ,25.2      ,25.1      ,---      ,---      ,---      ,15.2       ,15.4       ,16.2       ,62               ,64.9             ,68               ,380      ,0       ,15   ,
24        ,17:00       ,23.7       ,23.7          ,24.0          ,25.3          ,23.7      ,23.7      ,24.0      ,23.9      ,24.3      ,24.3      ,---      ,---      ,---      ,13.2       ,13.3       ,15.3       ,62               ,65.7             ,69               ,360      ,0       ,15   ,
24        ,18:00       ,23.7       ,23.3          ,23.8          ,24.8          ,23.9      ,23.7      ,23.5      ,23.3      ,23.9      ,24.2      ,---      ,---      ,---      ,9.9        ,10.0       ,13.2       ,63               ,69.2             ,73               ,350      ,0       ,13   ,
24        ,19:00       ,24.0       ,23.2          ,24.0          ,24.9          ,23.5      ,23.8      ,23.5      ,23.7      ,24.4      ,24.5      ,---      ,---      ,---      ,8.6        ,8.6        ,9.9        ,67               ,72.7             ,77               ,310      ,1137    ,10   ,
24        ,20:00       ,24.0       ,23.3          ,24.0          ,24.9          ,23.4      ,23.8      ,24.4      ,24.1      ,24.1      ,23.9      ,---      ,---      ,---      ,7.2        ,7.2        ,8.6        ,70               ,73.9             ,78               ,310      ,147     ,8    ,
24        ,21:00       ,24.0       ,23.1          ,24.3          ,25.1          ,25.0      ,25.1      ,24.4      ,23.9      ,23.8      ,23.5      ,---      ,---      ,---      ,6.5        ,6.8        ,7.2        ,69               ,71.9             ,77               ,10       ,0       ,8    ,
24        ,22:00       ,24.0       ,23.2          ,24.3          ,24.9          ,24.9      ,24.3      ,24.5      ,23.9      ,24.0      ,23.8      ,---      ,---      ,---      ,6.4        ,6.5        ,6.8        ,70               ,73.4             ,77               ,10       ,0       ,8    ,
24        ,23:00       ,24.0       ,22.9          ,23.9          ,25.1          ,23.3      ,23.5      ,24.0      ,23.9      ,24.3      ,24.1      ,---      ,---      ,---      ,5.8        ,5.8        ,6.5        ,68               ,72.8             ,77               ,10       ,0       ,8    ,
25        ,00:00       ,24.0       ,23.2          ,23.8          ,24.7          ,24.0      ,24.0      ,23.7      ,23.5      ,23.6      ,23.4      ,---      ,---      ,---      ,5.7        ,5.7        ,6.0        ,68               ,70.8             ,76               ,10       ,0       ,8    ,
25        ,01:00       ,23.8       ,23.0          ,24.0          ,25.2          ,23.5      ,23.7      ,24.0      ,23.7      ,24.7      ,24.1      ,---      ,---      ,---      ,5.5        ,5.6        ,6.0        ,68               ,75.7             ,81               ,640      ,0       ,9    ,
25        ,02:00       ,23.8       ,22.9          ,23.7          ,24.7          ,23.6      ,23.1      ,23.7      ,23.8      ,23.9      ,23.8      ,---      ,---      ,---      ,4.9        ,4.9        ,5.5        ,72               ,77.1             ,81               ,460      ,0       ,9    ,
25        ,03:00       ,23.8       ,22.8          ,24.0          ,25.0          ,23.1      ,23.8      ,24.4      ,23.8      ,24.4      ,24.1      ,---      ,---      ,---      ,3.9        ,4.0        ,4.9        ,74               ,80.2             ,82               ,380      ,0       ,9    ,
25        ,04:00       ,23.8       ,22.6          ,23.8          ,25.0          ,23.9      ,23.7      ,24.0      ,23.4      ,23.8      ,24.0      ,---      ,---      ,---      ,3.5        ,3.6        ,4.0        ,74               ,78.5             ,82               ,330      ,0       ,9    ,
25        ,05:00       ,23.8       ,22.7          ,24.0          ,25.0          ,23.6      ,23.7      ,24.6      ,24.0      ,24.2      ,24.0      ,---      ,---      ,---      ,3.0        ,3.0        ,3.8        ,76               ,80.3             ,83               ,290      ,0       ,9    ,
25        ,06:00       ,23.8       ,22.6          ,24.3          ,24.8          ,24.2      ,25.0      ,24.6      ,23.9      ,24.1      ,24.0      ,---      ,---      ,---      ,2.4        ,2.6        ,3.0        ,76               ,82.3             ,83               ,250      ,1073    ,9    ,
25        ,07:00       ,23.8       ,22.7          ,24.5          ,24.8          ,24.1      ,24.6      ,25.0      ,24.3      ,24.5      ,24.6      ,---      ,---      ,---      ,1.8        ,2.6        ,2.6        ,77               ,83.4             ,84               ,510      ,174     ,10   ,
25        ,08:00       ,23.8       ,22.7          ,24.0          ,24.8          ,23.4      ,23.3      ,24.1      ,23.9      ,24.5      ,24.4      ,---      ,---      ,---      ,2.6        ,4.7        ,4.7        ,78               ,83.4             ,84               ,370      ,0       ,9    ,
25        ,09:00       ,23.8       ,22.8          ,24.1          ,24.7          ,23.7      ,24.0      ,24.4      ,23.8      ,24.1      ,24.5      ,---      ,---      ,---      ,4.7        ,6.5        ,6.5        ,79               ,83.2             ,86               ,350      ,0       ,9    ,
25        ,10:00       ,23.5       ,23.2          ,24.4          ,24.8          ,23.6      ,23.7      ,24.4      ,24.4      ,25.0      ,25.2      ,---      ,---      ,---      ,6.5        ,9.9        ,9.9        ,77               ,81.3             ,84               ,360      ,0       ,10   ,
25        ,11:00       ,23.5       ,23.1          ,24.1          ,24.4          ,23.8      ,23.8      ,23.9      ,24.1      ,24.3      ,24.8      ,---      ,---      ,---      ,9.8        ,11.2       ,11.6       ,73               ,76.2             ,81               ,300      ,0       ,11   ,
25        ,12:00       ,23.5       ,23.1          ,24.8          ,25.0          ,24.2      ,24.6      ,25.0      ,24.5      ,25.1      ,25.3      ,---      ,---      ,---      ,11.1       ,13.3       ,13.3       ,72               ,78.1             ,79               ,290      ,0       ,12   ,
25        ,13:00       ,23.5       ,23.2          ,24.0          ,24.8          ,23.8      ,23.4      ,23.8      ,23.8      ,24.3      ,24.8      ,---      ,---      ,---      ,12.3       ,13.6       ,13.6       ,72               ,74.8             ,79               ,340      ,1027    ,13   ,
25        ,14:00       ,23.5       ,23.1          ,24.2          ,24.5          ,23.7      ,23.9      ,24.1      ,23.9      ,24.7      ,24.9      ,---      ,---      ,---      ,13.1       ,14.6       ,14.7       ,70               ,73.5             ,79               ,320      ,0       ,13   ,
25        ,15:00       ,23.7       ,23.3          ,24.2          ,24.6          ,23.6      ,23.9      ,24.3      ,24.2      ,24.6      ,24.7      ,---      ,---      ,---      ,13.9       ,14.5       ,14.8       ,68               ,71.8             ,75               ,340      ,0       ,15   ,
25        ,16:00       ,23.7       ,23.4          ,24.4          ,24.8          ,23.7      ,24.1      ,24.1      ,24.6      ,24.8      ,25.3      ,---      ,---      ,---      ,13.1       ,13.1       ,14.5       ,67               ,72.5             ,75               ,340      ,0       ,8    ,
25        ,17:00       ,23.6       ,23.2          ,24.0          ,24.9          ,23.2      ,23.7      ,24.0      ,24.0      ,24.3      ,24.8      ,---      ,---      ,---      ,11.0       ,11.0       ,13.1       ,68               ,72.7             ,77               ,380      ,0       ,7    ,
25        ,18:00       ,23.6       ,23.1          ,23.9          ,24.9          ,23.3      ,23.8      ,24.1      ,23.7      ,24.1      ,24.5      ,---      ,---      ,---      ,9.0        ,9.0        ,11.0       ,71               ,76.8             ,80               ,370      ,0       ,4    ,
25        ,19:00       ,23.6       ,22.9          ,24.4          ,24.6          ,24.5      ,24.8      ,24.4      ,24.2      ,24.0      ,24.4      ,---      ,---      ,---      ,8.3        ,8.3        ,9.0        ,75               ,77.7             ,83               ,300      ,1257    ,6    ,
25        ,20:00       ,23.6       ,22.8          ,23.5          ,24.7          ,23.3      ,23.5      ,23.5      ,23.5      ,23.6      ,23.7      ,---      ,---      ,---      ,7.0        ,7.0        ,8.3        ,72               ,74.6             ,80               ,290      ,174     ,4    ,
25        ,21:00       ,23.6       ,22.7          ,23.7          ,24.3          ,23.7      ,24.1      ,23.9      ,23.5      ,23.4      ,23.7      ,---      ,---      ,---      ,6.2        ,6.2        ,7.0        ,70               ,75.2             ,79               ,10       ,0       ,3    ,
25        ,22:00       ,23.6       ,22.8          ,23.8          ,24.6          ,24.0      ,24.4      ,23.9      ,23.7      ,23.3      ,23.5      ,---      ,---      ,---      ,5.8        ,5.8        ,6.3        ,72               ,75.3             ,78               ,0        ,0       ,3    ,
25        ,23:00       ,23.6       ,22.5          ,23.9          ,24.4          ,24.2      ,24.5      ,24.3      ,23.7      ,23.2      ,23.4      ,---      ,---      ,---      ,5.2        ,5.2        ,5.8        ,71               ,75.6             ,79               ,10       ,0       ,3    ,
26        ,00:00       ,23.6       ,22.7          ,23.3          ,24.4          ,23.1      ,23.3      ,23.2      ,23.4      ,23.4      ,23.6      ,---      ,---      ,---      ,4.5        ,4.5        ,5.3        ,72               ,74.7             ,79               ,0        ,0       ,3    ,
26        ,01:00       ,23.5       ,22.6          ,23.4          ,24.9          ,23.4      ,23.3      ,23.5      ,23.4      ,23.4      ,23.5      ,---      ,---      ,---      ,4.2        ,4.4        ,4.5        ,73               ,79               ,83               ,640      ,0       ,3    ,
26        ,02:00       ,23.5       ,22.8          ,23.5          ,24.5          ,23.8      ,23.5      ,23.5      ,23.4      ,23.6      ,23.6      ,---      ,---      ,---      ,4.1        ,4.3        ,4.4        ,76               ,80.3             ,83               ,440      ,0       ,3    ,
26        ,03:00       ,23.5       ,22.7          ,23.3          ,24.5          ,23.5      ,23.5      ,23.4      ,23.3      ,23.1      ,23.2      ,---      ,---      ,---      ,3.9        ,3.9        ,4.4        ,77               ,79               ,84               ,340      ,0       ,3    ,
26        ,04:00       ,23.7       ,22.7          ,23.4          ,24.5          ,23.5      ,23.2      ,23.4      ,23.7      ,23.7      ,23.3      ,---      ,---      ,---      ,3.5        ,3.5        ,3.9        ,77               ,80.2             ,84               ,320      ,0       ,3    ,
26        ,05:00       ,23.7       ,22.7          ,23.6          ,24.7          ,23.9      ,23.6      ,23.9      ,23.6      ,23.3      ,23.4      ,---      ,---      ,---      ,2.9        ,2.9        ,3.5        ,78               ,79.5             ,84               ,280      ,0       ,3    ,
26        ,06:00       ,23.7       ,22.9          ,23.8          ,24.7          ,23.7      ,24.6      ,23.6      ,23.7      ,23.5      ,23.9      ,---      ,---      ,---      ,2.3        ,2.3        ,2.9        ,79               ,79.5             ,85               ,260      ,1018    ,3    ,
26        ,07:00       ,23.7       ,22.8          ,23.5          ,24.8          ,23.8      ,23.9      ,23.5      ,23.5      ,23.3      ,23.2      ,---      ,---      ,---      ,2.2        ,3.0        ,3.0        ,79               ,81.6             ,86               ,490      ,37      ,3    ,
26        ,08:00       ,23.7       ,22.7          ,23.4          ,24.7          ,22.9      ,23.3      ,23.7      ,23.9      ,23.2      ,23.5      ,---      ,---      ,---      ,3.0        ,5.0        ,5.1        ,79               ,79.7             ,86               ,390      ,0       ,3    ,
26        ,09:00       ,23.7       ,22.8          ,23.4          ,24.7          ,23.1      ,23.2      ,23.2      ,23.6      ,23.5      ,23.9      ,---      ,---      ,---      ,5.1        ,6.7        ,6.8        ,77               ,78.5             ,84               ,330      ,0       ,3    ,
26        ,10:00       ,23.5       ,23.0          ,23.4          ,25.0          ,23.0      ,23.0      ,23.1      ,23.5      ,23.7      ,23.8      ,---      ,---      ,---      ,6.5        ,8.2        ,8.5        ,76               ,77.3             ,83               ,330      ,0       ,4    ,
26        ,11:00       ,23.4       ,22.8          ,23.3          ,24.8          ,22.8      ,23.1      ,23.2      ,23.6      ,23.8      ,23.6      ,---      ,---      ,---      ,8.0        ,9.8        ,9.8        ,76               ,78               ,83               ,280      ,0       ,3    ,
26        ,12:00       ,23.4       ,23.1          ,23.4          ,24.7          ,23.2      ,23.3      ,22.8      ,23.5      ,23.8      ,24.1      ,---      ,---      ,---      ,9.7        ,9.7        ,10.5       ,76               ,77.5             ,83               ,270      ,0       ,4    ,
26        ,13:00       ,23.4       ,23.0          ,23.4          ,24.7          ,23.0      ,23.1      ,23.2      ,23.5      ,23.6      ,23.7      ,---      ,---      ,---      ,9.8        ,11.2       ,11.5       ,76               ,78.6             ,83               ,320      ,963     ,4    ,
26        ,14:00       ,23.4       ,23.1          ,23.4          ,24.8          ,22.9      ,23.1      ,23.3      ,23.4      ,23.9      ,24.1      ,---      ,---      ,---      ,10.4       ,11.8       ,12.1       ,75               ,75.7             ,82               ,370      ,0       ,6    ,
