GROWTH_DAY,HISTORY_TIME,TARGET_TEMP,HOUSE_TEMP_MIN,HOUSE_TEMP_AVG,HOUSE_TEMP_MAX,TEMP_1_AVG,TEMP_2_AVG,TEMP_3_AVG,TEMP_4_AVG,TEMP_5_AVG,TEMP_6_AVG,ATTIC_MIN,ATTIC_AVG,ATTIC_MAX,OUTSIDE_MIN,OUTSIDE_AVG,OUTSIDE_MAX,HUMIDITY_IN_1_MIN,HUMIDITY_IN_1_AVG,HUMIDITY_IN_1_MAX,WATER_CON,FEED_CON,LEVEL,
-2        ,21:00       ,34.0       ,13.6          ,33.8          ,33.8          ,33.2      ,34.3      ,33.8      ,34.3      ,33.2      ,33.6      ,---      ,---      ,---      ,5.0        ,5.0        ,5.6        ,58               ,58.9             ,81               ,0        ,0       ,1    ,
-2        ,22:00       ,34.0       ,32.7          ,33.1          ,34.6          ,32.7      ,32.9      ,33.7      ,33.7      ,32.8      ,32.6      ,---      ,---      ,---      ,4.6        ,4.7        ,5.1        ,57               ,58.9             ,60               ,0        ,0       ,1    ,
-2        ,23:00       ,34.0       ,32.7          ,34.3          ,34.7          ,33.9      ,34.5      ,34.6      ,35.0      ,34.3      ,33.8      ,---      ,---      ,---      ,3.6        ,4.9        ,5.2        ,56               ,56               ,60               ,0        ,0       ,2    ,
-1        ,00:00       ,34.0       ,32.7          ,32.8          ,34.7          ,32.8      ,33.2      ,32.7      ,33.0      ,32.7      ,32.1      ,---      ,---      ,---      ,4.5        ,4.6        ,5.3        ,55               ,55.9             ,58               ,0        ,0       ,1    ,
-1        ,01:00       ,34.0       ,32.7          ,34.6          ,34.6          ,34.2      ,34.7      ,35.3      ,35.4      ,34.0      ,33.9      ,---      ,---      ,---      ,4.6        ,5.1        ,5.3        ,54               ,54.1             ,57               ,0        ,0       ,2    ,
-1        ,02:00       ,34.0       ,32.6          ,33.5          ,34.7          ,33.1      ,33.7      ,33.9      ,34.0      ,33.6      ,32.8      ,---      ,---      ,---      ,5.1        ,5.5        ,5.6        ,52               ,52.6             ,55               ,0        ,0       ,1    ,
-1        ,03:00       ,33.9       ,32.6          ,33.3          ,34.8          ,33.0      ,33.4      ,34.0      ,34.0      ,33.0      ,32.6      ,---      ,---      ,---      ,4.6        ,4.6        ,5.5        ,51               ,53.2             ,54               ,0        ,0       ,1    ,
-1        ,04:00       ,33.9       ,32.7          ,34.0          ,34.5          ,33.7      ,34.1      ,34.2      ,34.2      ,33.9      ,33.5      ,---      ,---      ,---      ,4.3        ,4.4        ,4.9        ,51               ,53               ,54               ,0        ,0       ,2    ,
-1        ,05:00       ,33.9       ,32.7          ,32.8          ,34.7          ,32.7      ,33.0      ,33.0      ,32.9      ,32.8      ,32.5      ,---      ,---      ,---      ,3.9        ,3.9        ,4.4        ,51               ,52.9             ,54               ,0        ,0       ,1    ,
-1        ,06:00       ,33.9       ,32.6          ,34.4          ,34.6          ,34.1      ,34.5      ,35.5      ,35.2      ,33.7      ,33.5      ,---      ,---      ,---      ,3.6        ,3.6        ,3.9        ,52               ,53.3             ,54               ,0        ,0       ,2    ,
-1        ,07:00       ,33.8       ,32.6          ,34.0          ,34.6          ,34.0      ,34.3      ,34.4      ,34.3      ,34.1      ,33.0      ,---      ,---      ,---      ,3.2        ,4.3        ,4.3        ,52               ,52               ,54               ,0        ,0       ,3    ,
-1        ,08:00       ,33.8       ,32.6          ,32.8          ,34.6          ,32.9      ,33.0      ,32.8      ,33.2      ,32.8      ,32.4      ,---      ,---      ,---      ,4.3        ,6.2        ,6.3        ,50               ,50.7             ,53               ,0        ,0       ,1    ,
-1        ,09:00       ,33.8       ,29.7          ,33.8          ,35.3          ,33.6      ,34.0      ,33.8      ,34.3      ,33.9      ,33.4      ,---      ,---      ,---      ,6.3        ,7.8        ,7.8        ,51               ,68               ,92               ,0        ,0       ,2    ,
-1        ,10:00       ,33.8       ,32.7          ,33.4          ,34.2          ,33.3      ,33.8      ,33.0      ,34.0      ,32.9      ,33.6      ,---      ,---      ,---      ,7.5        ,8.6        ,8.7        ,57               ,58.9             ,69               ,0        ,0       ,1    ,
-1        ,11:00       ,33.8       ,32.7          ,33.9          ,34.3          ,33.9      ,34.0      ,33.8      ,34.2      ,33.8      ,33.7      ,---      ,---      ,---      ,8.4        ,9.1        ,9.3        ,50               ,50.6             ,59               ,0        ,0       ,3    ,
-1        ,12:00       ,35.8       ,32.7          ,35.3          ,36.4          ,35.6      ,35.2      ,35.8      ,35.6      ,34.9      ,34.6      ,---      ,---      ,---      ,9.1        ,9.1        ,9.9        ,46               ,47.9             ,53               ,0        ,0       ,1    ,
-1        ,13:00       ,35.7       ,34.6          ,35.7          ,36.3          ,35.9      ,36.0      ,35.9      ,36.0      ,35.6      ,34.7      ,---      ,---      ,---      ,9.1        ,9.8        ,10.2       ,45               ,45               ,48               ,0        ,0       ,3    ,
-1        ,14:00       ,35.7       ,34.4          ,36.1          ,36.3          ,36.1      ,35.9      ,36.9      ,36.8      ,35.6      ,35.4      ,---      ,---      ,---      ,9.3        ,9.3        ,10.4       ,43               ,43.8             ,46               ,0        ,0       ,1    ,
-1        ,15:00       ,35.7       ,34.4          ,35.4          ,36.3          ,35.4      ,35.8      ,35.7      ,35.6      ,35.3      ,34.7      ,---      ,---      ,---      ,9.0        ,9.1        ,10.0       ,42               ,42.9             ,44               ,0        ,0       ,2    ,
-1        ,16:00       ,35.7       ,34.4          ,34.8          ,36.4          ,34.7      ,34.7      ,35.4      ,35.1      ,34.4      ,34.3      ,---      ,---      ,---      ,8.3        ,8.3        ,9.3        ,42               ,43.5             ,45               ,0        ,0       ,1    ,
-1        ,17:00       ,35.6       ,34.4          ,35.9          ,36.3          ,35.4      ,36.0      ,36.5      ,36.5      ,35.5      ,35.3      ,---      ,---      ,---      ,6.7        ,6.7        ,8.3        ,42               ,45.1             ,46               ,0        ,0       ,1    ,
-1        ,18:00       ,35.6       ,34.5          ,34.9          ,36.0          ,34.6      ,34.9      ,35.7      ,35.3      ,34.7      ,34.4      ,---      ,---      ,---      ,3.3        ,3.3        ,6.7        ,44               ,48.7             ,49               ,0        ,0       ,1    ,
-1        ,19:00       ,35.6       ,34.6          ,34.6          ,36.0          ,34.6      ,34.7      ,34.8      ,34.8      ,34.8      ,34.2      ,---      ,---      ,---      ,3.0        ,5.2        ,5.3        ,47               ,48               ,50               ,0        ,0       ,1    ,
-1        ,20:00       ,35.6       ,34.5          ,35.4          ,35.9          ,35.0      ,35.4      ,35.8      ,35.8      ,35.5      ,34.8      ,---      ,---      ,---      ,4.8        ,4.8        ,5.3        ,48               ,49               ,50               ,0        ,0       ,2    ,
-1        ,21:00       ,35.6       ,34.5          ,35.8          ,35.9          ,35.6      ,35.9      ,36.2      ,36.3      ,35.7      ,35.3      ,---      ,---      ,---      ,4.3        ,5.0        ,5.3        ,48               ,49               ,51               ,0        ,0       ,2    ,
-1        ,22:00       ,35.5       ,34.4          ,34.9          ,35.9          ,34.8      ,34.8      ,35.8      ,35.7      ,34.5      ,34.1      ,---      ,---      ,---      ,4.7        ,4.7        ,5.2        ,48               ,49.9             ,50               ,0        ,0       ,1    ,
-1        ,23:00       ,35.5       ,34.5          ,34.8          ,35.9          ,34.6      ,34.9      ,35.1      ,35.0      ,35.0      ,34.2      ,---      ,---      ,---      ,2.7        ,2.7        ,4.7        ,48               ,48               ,50               ,0        ,0       ,1    ,
0         ,00:00       ,35.5       ,34.4          ,35.3          ,35.8          ,35.0      ,35.2      ,35.5      ,35.7      ,35.4      ,34.8      ,---      ,---      ,---      ,2.6        ,4.8        ,5.3        ,48               ,49               ,51               ,0        ,0       ,2    ,
0         ,01:00       ,35.5       ,34.2          ,35.6          ,35.9          ,35.3      ,35.5      ,35.8      ,36.3      ,35.3      ,35.3      ,---      ,---      ,---      ,4.7        ,5.9        ,6.3        ,47               ,47.3             ,50               ,0        ,0       ,1    ,
0         ,02:00       ,35.5       ,34.3          ,34.5          ,36.0          ,34.2      ,35.1      ,34.7      ,35.1      ,34.3      ,34.0      ,---      ,---      ,---      ,5.0        ,5.0        ,6.2        ,46               ,47.9             ,49               ,0        ,0       ,1    ,
0         ,03:00       ,35.4       ,34.3          ,34.5          ,35.9          ,34.0      ,34.5      ,34.6      ,35.0      ,34.5      ,34.3      ,---      ,---      ,---      ,4.8        ,4.9        ,5.3        ,46               ,47.8             ,49               ,0        ,0       ,1    ,
0         ,04:00       ,35.4       ,34.3          ,34.8          ,35.8          ,34.6      ,35.1      ,35.0      ,34.9      ,34.9      ,34.2      ,---      ,---      ,---      ,4.6        ,5.1        ,5.2        ,46               ,46               ,49               ,0        ,0       ,1    ,
0         ,05:00       ,35.4       ,34.2          ,35.3          ,36.0          ,35.0      ,35.2      ,35.5      ,36.0      ,35.0      ,34.9      ,---      ,---      ,---      ,5.1        ,5.4        ,5.5        ,46               ,46.9             ,48               ,0        ,0       ,1    ,
0         ,06:00       ,35.4       ,34.2          ,35.3          ,35.7          ,35.2      ,35.0      ,35.9      ,36.2      ,34.7      ,34.8      ,---      ,---      ,---      ,5.3        ,6.2        ,6.4        ,46               ,47.9             ,48               ,0        ,0       ,1    ,
0         ,07:00       ,35.3       ,34.1          ,34.5          ,36.0          ,34.0      ,34.5      ,34.9      ,34.6      ,34.5      ,34.1      ,---      ,---      ,---      ,6.1        ,6.2        ,6.5        ,45               ,45               ,48               ,0        ,486     ,1    ,
0         ,08:00       ,35.3       ,34.0          ,35.6          ,36.0          ,35.5      ,35.4      ,36.2      ,36.2      ,35.2      ,35.1      ,---      ,---      ,---      ,6.2        ,7.1        ,7.2        ,44               ,46.1             ,50               ,0        ,486     ,2    ,
0         ,09:00       ,34.8       ,33.8          ,34.0          ,36.0          ,34.1      ,34.2      ,34.0      ,33.9      ,33.8      ,34.0      ,---      ,---      ,---      ,7.2        ,8.1        ,8.2        ,44               ,44.9             ,47               ,0        ,0       ,1    ,
0         ,10:00       ,34.8       ,33.8          ,34.8          ,35.3          ,34.6      ,34.8      ,35.0      ,35.4      ,34.3      ,34.7      ,---      ,---      ,---      ,8.2        ,9.5        ,9.7        ,44               ,45.9             ,46               ,0        ,0       ,1    ,
0         ,11:00       ,34.8       ,33.7          ,35.2          ,35.4          ,35.3      ,35.3      ,35.3      ,35.5      ,34.9      ,35.0      ,---      ,---      ,---      ,9.5        ,10.0       ,10.8       ,43               ,43.1             ,47               ,0        ,0       ,3    ,
0         ,12:00       ,34.8       ,33.6          ,33.9          ,35.4          ,33.7      ,34.0      ,34.0      ,33.5      ,33.9      ,34.3      ,---      ,---      ,---      ,11.2       ,12.0       ,12.1       ,33               ,33.4             ,36               ,0        ,0       ,1    ,
0         ,13:00       ,34.7       ,33.7          ,35.1          ,35.2          ,34.9      ,35.3      ,35.6      ,35.0      ,34.7      ,35.0      ,---      ,---      ,---      ,11.4       ,11.9       ,12.3       ,32               ,32.5             ,35               ,0        ,0       ,3    ,
0         ,14:00       ,34.7       ,33.6          ,34.2          ,35.5          ,34.3      ,34.3      ,34.5      ,34.1      ,34.2      ,34.0      ,---      ,---      ,---      ,11.2       ,11.6       ,12.1       ,32               ,32               ,34               ,0        ,0       ,1    ,
0         ,15:00       ,34.7       ,33.6          ,34.5          ,35.2          ,34.2      ,35.0      ,35.2      ,34.3      ,34.4      ,34.2      ,---      ,---      ,---      ,11.2       ,11.5       ,12.0       ,31               ,32               ,33               ,0        ,0       ,1    ,
0         ,16:00       ,34.7       ,33.6          ,33.8          ,35.2          ,33.6      ,33.8      ,34.0      ,33.5      ,33.7      ,34.0      ,---      ,---      ,---      ,10.2       ,10.2       ,11.5       ,31               ,31               ,33               ,0        ,0       ,1    ,
0         ,17:00       ,34.6       ,31.1          ,31.3          ,35.0          ,24.5      ,28.3      ,33.1      ,34.2      ,33.9      ,33.7      ,---      ,---      ,---      ,8.6        ,8.7        ,10.2       ,31               ,32               ,33               ,0        ,0       ,1    ,
0         ,18:00       ,34.6       ,30.3          ,35.0          ,35.6          ,35.0      ,35.0      ,36.1      ,35.0      ,34.6      ,34.0      ,---      ,---      ,---      ,7.3        ,7.4        ,8.6        ,30               ,33.9             ,34               ,40       ,0       ,3    ,
0         ,19:00       ,34.6       ,33.5          ,35.2          ,35.3          ,35.4      ,35.3      ,36.0      ,35.2      ,35.1      ,34.4      ,---      ,---      ,---      ,6.7        ,6.8        ,7.3        ,34               ,39.1             ,40               ,60       ,0       ,3    ,
0         ,20:00       ,34.6       ,33.5          ,34.8          ,35.3          ,35.0      ,35.2      ,35.3      ,34.8      ,34.7      ,33.7      ,---      ,---      ,---      ,6.8        ,6.9        ,7.3        ,39               ,40.8             ,41               ,50       ,0       ,2    ,
0         ,21:00       ,34.6       ,33.5          ,34.4          ,35.3          ,34.7      ,34.7      ,35.0      ,34.4      ,34.4      ,33.3      ,---      ,---      ,---      ,6.1        ,6.1        ,6.9        ,40               ,40               ,42               ,40       ,0       ,2    ,
0         ,22:00       ,34.5       ,33.5          ,34.3          ,35.2          ,34.6      ,34.5      ,34.7      ,34.2      ,34.1      ,33.5      ,---      ,---      ,---      ,5.1        ,5.5        ,6.2        ,40               ,42               ,43               ,50       ,0       ,2    ,
0         ,23:00       ,34.5       ,33.6          ,34.5          ,35.2          ,34.5      ,34.5      ,34.7      ,34.3      ,34.5      ,34.1      ,---      ,---      ,---      ,5.5        ,5.5        ,5.9        ,41               ,41.1             ,43               ,40       ,0       ,3    ,
1         ,00:00       ,34.5       ,33.4          ,34.1          ,35.0          ,34.4      ,34.2      ,34.3      ,33.8      ,34.0      ,33.9      ,---      ,---      ,---      ,-2.9       ,2.7        ,5.4        ,41               ,43               ,44               ,40       ,0       ,1    ,
1         ,01:00       ,34.5       ,33.5          ,33.7          ,34.8          ,33.3      ,33.5      ,33.9      ,33.4      ,33.8      ,34.1      ,---      ,---      ,---      ,2.0        ,2.7        ,3.0        ,43               ,44.9             ,46               ,30       ,0       ,1    ,
1         ,02:00       ,34.7       ,33.5          ,34.7          ,35.0          ,35.1      ,35.1      ,35.4      ,34.5      ,34.5      ,33.6      ,---      ,---      ,---      ,2.7        ,4.4        ,4.7        ,44               ,45               ,46               ,40       ,0       ,1    ,
1         ,03:00       ,34.6       ,33.6          ,33.9          ,35.0          ,33.7      ,33.5      ,34.3      ,33.6      ,34.2      ,34.2      ,---      ,---      ,---      ,4.4        ,5.1        ,5.2        ,44               ,44.7             ,46               ,30       ,0       ,1    ,
1         ,04:00       ,34.6       ,33.6          ,34.8          ,34.9          ,35.0      ,35.2      ,35.4      ,34.8      ,34.6      ,33.7      ,---      ,---      ,---      ,5.1        ,5.1        ,5.3        ,43               ,44               ,45               ,30       ,0       ,2    ,
1         ,05:00       ,34.6       ,33.6          ,33.8          ,35.1          ,34.0      ,33.8      ,33.8      ,33.5      ,33.9      ,34.1      ,---      ,---      ,---      ,4.9        ,4.9        ,5.3        ,44               ,45               ,46               ,40       ,0       ,1    ,
1         ,06:00       ,34.5       ,33.5          ,34.3          ,35.0          ,34.1      ,34.8      ,34.5      ,34.1      ,34.5      ,33.9      ,---      ,---      ,---      ,4.4        ,4.4        ,4.9        ,45               ,45.2             ,47               ,30       ,0       ,1    ,
1         ,07:00       ,34.5       ,33.5          ,33.7          ,35.0          ,33.4      ,33.5      ,34.1      ,33.4      ,33.9      ,34.0      ,---      ,---      ,---      ,3.5        ,3.6        ,4.4        ,45               ,46.7             ,47               ,40       ,0       ,1    ,
1         ,08:00       ,34.5       ,33.5          ,34.6          ,34.8          ,34.9      ,34.6      ,35.2      ,34.3      ,34.6      ,34.0      ,---      ,---      ,---      ,3.7        ,6.1        ,6.2        ,45               ,47.5             ,48               ,20       ,0       ,1    ,
1         ,09:00       ,34.5       ,33.6          ,34.3          ,34.8          ,33.8      ,34.5      ,34.6      ,34.3      ,34.5      ,34.2      ,---      ,---      ,---      ,5.1        ,10.2       ,10.5       ,46               ,47.2             ,48               ,30       ,0       ,1    ,
1         ,10:00       ,34.2       ,33.4          ,33.5          ,34.8          ,33.8      ,33.3      ,33.5      ,33.4      ,33.7      ,33.2      ,---      ,---      ,---      ,8.9        ,12.5       ,12.6       ,45               ,45.1             ,49               ,20       ,0       ,1    ,
1         ,11:00       ,34.1       ,33.3          ,34.2          ,34.8          ,34.7      ,34.4      ,34.3      ,34.2      ,34.3      ,33.5      ,---      ,---      ,---      ,9.7        ,12.6       ,14.4       ,43               ,44.1             ,46               ,30       ,0       ,1    ,
1         ,12:00       ,34.1       ,33.4          ,33.4          ,34.3          ,33.9      ,33.5      ,33.4      ,33.1      ,33.4      ,33.3      ,---      ,---      ,---      ,11.7       ,15.8       ,15.9       ,42               ,43.1             ,45               ,30       ,0       ,1    ,
1         ,13:00       ,34.1       ,33.3          ,33.6          ,34.5          ,33.3      ,33.6      ,33.6      ,33.2      ,33.7      ,33.9      ,---      ,---      ,---      ,15.7       ,16.5       ,16.6       ,42               ,43.2             ,45               ,30       ,0       ,1    ,
1         ,14:00       ,34.0       ,33.4          ,33.7          ,34.3          ,33.2      ,33.7      ,34.0      ,33.8      ,33.9      ,33.9      ,---      ,---      ,---      ,15.7       ,16.0       ,16.5       ,41               ,42.1             ,44               ,30       ,0       ,1    ,
1         ,15:00       ,34.0       ,33.3          ,33.5          ,34.8          ,33.4      ,33.3      ,33.8      ,33.2      ,33.5      ,34.0      ,---      ,---      ,---      ,15.8       ,15.8       ,16.3       ,41               ,41.3             ,43               ,30       ,0       ,1    ,
1         ,16:00       ,34.0       ,33.2          ,34.0          ,34.6          ,34.4      ,34.1      ,34.2      ,33.7      ,34.1      ,33.6      ,---      ,---      ,---      ,14.7       ,14.8       ,15.9       ,40               ,44.1             ,45               ,20       ,188     ,1    ,
1         ,17:00       ,34.0       ,33.1          ,33.7          ,34.5          ,34.4      ,33.6      ,33.8      ,33.4      ,33.6      ,33.2      ,---      ,---      ,---      ,9.5        ,11.9       ,14.7       ,42               ,45.8             ,47               ,30       ,0       ,1    ,
1         ,18:00       ,34.0       ,33.2          ,33.9          ,34.0          ,33.2      ,34.4      ,34.0      ,33.9      ,34.2      ,33.6      ,---      ,---      ,---      ,7.3        ,10.5       ,12.0       ,43               ,47               ,48               ,30       ,0       ,1    ,
1         ,19:00       ,33.9       ,33.2          ,33.5          ,34.0          ,33.6      ,33.7      ,33.5      ,33.1      ,33.5      ,33.7      ,---      ,---      ,---      ,7.9        ,8.2        ,10.5       ,47               ,49.9             ,50               ,40       ,0       ,1    ,
1         ,20:00       ,33.9       ,33.2          ,33.6          ,34.0          ,34.2      ,33.6      ,33.8      ,33.4      ,33.6      ,33.1      ,---      ,---      ,---      ,8.3        ,8.7        ,9.6        ,48               ,50.9             ,51               ,20       ,0       ,1    ,
1         ,21:00       ,33.9       ,33.2          ,33.9          ,34.1          ,33.4      ,34.1      ,34.2      ,34.0      ,34.2      ,33.6      ,---      ,---      ,---      ,-1.9       ,6.4        ,9.0        ,50               ,51               ,53               ,30       ,0       ,1    ,
1         ,22:00       ,33.9       ,33.0          ,34.0          ,34.1          ,34.6      ,34.0      ,34.2      ,33.7      ,33.8      ,33.5      ,---      ,---      ,---      ,6.4        ,6.5        ,7.2        ,51               ,52.7             ,54               ,40       ,0       ,1    ,
1         ,23:00       ,33.8       ,33.0          ,33.5          ,34.0          ,33.0      ,33.7      ,33.8      ,33.6      ,33.8      ,33.0      ,---      ,---      ,---      ,6.1        ,6.2        ,6.7        ,51               ,51.8             ,55               ,10       ,0       ,1    ,
2         ,00:00       ,33.8       ,32.9          ,33.8          ,34.1          ,34.5      ,34.2      ,34.0      ,33.7      ,33.8      ,32.7      ,---      ,---      ,---      ,5.7        ,5.8        ,6.7        ,51               ,54               ,55               ,60       ,0       ,1    ,
2         ,01:00       ,33.6       ,32.7          ,33.6          ,34.0          ,34.1      ,34.0      ,34.0      ,33.6      ,33.7      ,32.4      ,---      ,---      ,---      ,5.6        ,6.2        ,6.4        ,53               ,55.9             ,56               ,50       ,0       ,2    ,
2         ,02:00       ,33.6       ,32.7          ,33.1          ,33.7          ,33.9      ,33.0      ,33.2      ,32.8      ,33.0      ,32.8      ,---      ,---      ,---      ,3.7        ,4.5        ,6.2        ,54               ,55.2             ,57               ,50       ,0       ,2    ,
2         ,03:00       ,33.5       ,32.8          ,33.0          ,33.7          ,34.0      ,32.9      ,33.0      ,32.6      ,33.0      ,32.6      ,---      ,---      ,---      ,4.3        ,5.0        ,5.3        ,53               ,54.9             ,56               ,40       ,0       ,2    ,
2         ,04:00       ,33.5       ,32.6          ,33.6          ,33.7          ,33.8      ,33.8      ,34.0      ,33.4      ,33.6      ,33.0      ,---      ,---      ,---      ,2.0        ,5.6        ,5.8        ,54               ,54.6             ,57               ,30       ,0       ,2    ,
2         ,05:00       ,33.5       ,32.7          ,33.0          ,33.6          ,32.7      ,32.9      ,33.2      ,32.9      ,33.1      ,32.8      ,---      ,---      ,---      ,4.3        ,4.5        ,5.8        ,54               ,55.3             ,57               ,30       ,0       ,2    ,
2         ,06:00       ,33.5       ,32.6          ,32.9          ,33.7          ,32.6      ,33.4      ,33.3      ,32.5      ,32.9      ,32.5      ,---      ,---      ,---      ,4.0        ,4.3        ,4.6        ,55               ,56.9             ,57               ,30       ,0       ,2    ,
2         ,07:00       ,33.4       ,32.5          ,32.6          ,33.8          ,32.5      ,32.8      ,32.8      ,32.4      ,32.7      ,32.2      ,---      ,---      ,---      ,4.1        ,4.9        ,5.0        ,55               ,56.8             ,58               ,20       ,0       ,2    ,
2         ,08:00       ,33.2       ,32.4          ,33.2          ,34.0          ,33.6      ,33.3      ,33.2      ,33.0      ,33.4      ,32.7      ,---      ,---      ,---      ,4.8        ,8.2        ,8.2        ,54               ,56               ,58               ,20       ,134     ,2    ,
2         ,09:00       ,33.2       ,32.3          ,33.2          ,33.6          ,33.8      ,33.2      ,33.0      ,32.9      ,33.4      ,32.5      ,---      ,---      ,---      ,8.2        ,11.7       ,11.7       ,54               ,58.9             ,59               ,20       ,0       ,2    ,
2         ,10:00       ,33.2       ,32.5          ,32.5          ,33.3          ,32.7      ,32.5      ,32.7      ,32.5      ,32.7      ,32.0      ,---      ,---      ,---      ,10.4       ,14.4       ,14.6       ,56               ,57.9             ,59               ,30       ,0       ,2    ,
2         ,11:00       ,33.1       ,32.4          ,32.7          ,33.5          ,32.8      ,32.5      ,32.7      ,32.6      ,32.9      ,32.5      ,---      ,---      ,---      ,11.4       ,16.5       ,16.7       ,55               ,56.4             ,58               ,30       ,0       ,2    ,
2         ,12:00       ,33.1       ,32.5          ,32.6          ,33.1          ,33.5      ,32.3      ,32.5      ,32.3      ,32.5      ,32.7      ,---      ,---      ,---      ,15.4       ,17.8       ,17.9       ,55               ,55.4             ,58               ,50       ,0       ,2    ,
2         ,13:00       ,33.1       ,32.6          ,32.7          ,33.2          ,33.6      ,32.5      ,32.7      ,32.5      ,32.7      ,32.3      ,---      ,---      ,---      ,17.2       ,18.0       ,18.3       ,54               ,56.8             ,58               ,40       ,0       ,2    ,
          ,            ,           ,32.6          ,32.8          ,33.3          ,32.7      ,32.9      ,33.1      ,33.0      ,33.1      ,32.1      ,---      ,---      ,---      ,17.6       ,18.2       ,18.2       ,54               ,56               ,58               ,50       ,0       ,2    ,
          ,            ,           ,              ,32.9          ,33.3          ,33.0      ,32.8      ,32.9      ,32.8      ,33.0      ,32.7      ,---      ,---      ,---      ,17.6       ,17.6       ,18.3       ,54               ,55               ,57               ,40       ,0       ,2    ,
          ,            ,           ,              ,              ,              ,33.3      ,33.0      ,32.9      ,32.6      ,32.9      ,32.2      ,---      ,---      ,---      ,16.1       ,16.1       ,17.6       ,54               ,54.7             ,57               ,40       ,134     ,3    ,
          ,            ,           ,              ,              ,              ,          ,          ,33.3      ,32.7      ,33.0      ,32.7      ,---      ,---      ,---      ,13.3       ,13.3       ,16.1       ,55               ,58               ,59               ,40       ,0       ,2    ,
          ,            ,           ,              ,              ,              ,          ,          ,          ,32.9      ,33.2      ,32.2      ,---      ,---      ,---      ,6.3        ,10.4       ,13.3       ,57               ,58               ,60               ,50       ,0       ,2    ,
          ,            ,           ,              ,              ,              ,          ,          ,          ,          ,          ,          ,         ,         ,         ,           ,9.0        ,10.8       ,58               ,58.4             ,61               ,50       ,0       ,2    ,
          ,            ,           ,              ,              ,              ,          ,          ,          ,          ,          ,          ,         ,         ,         ,           ,           ,           ,                 ,                 ,62               ,30       ,0       ,2    ,
          ,            ,           ,              ,              ,              ,          ,          ,          ,          ,          ,          ,         ,         ,         ,           ,           ,           ,                 ,                 ,                 ,         ,0       ,2    ,
          ,            ,           ,              ,              ,              ,          ,          ,          ,          ,          ,          ,         ,         ,         ,           ,           ,           ,                 ,                 ,                 ,         ,        ,     ,
          ,            ,           ,              ,              ,              ,          ,          ,          ,          ,          ,          ,         ,         ,         ,           ,           ,           ,                 ,                 ,                 ,         ,        ,     ,
          ,            ,           ,              ,              ,              ,          ,          ,          ,          ,          ,          ,         ,         ,         ,           ,           ,           ,                 ,                 ,                 ,         ,        ,     ,
          ,            ,           ,              ,              ,              ,          ,          ,          ,          ,          ,          ,         ,         ,         ,           ,           ,           ,                 ,                 ,                 ,         ,        ,     ,
          ,            ,           ,              ,              ,              ,          ,          ,          ,          ,          ,          ,         ,         ,         ,           ,           ,           ,                 ,                 ,                 ,         ,        ,     ,
