GrowthDay,TotalDrinkDaily,TotalDrinkChange,Water_1Daily,Water_1Change,Water_2Daily,Water_2Change,Water_3Daily,Water_3Change,Water_4Daily,Water_4Change,TotalWater,Coolpad,Fogger,Flushing,
-1       ,0              ,不详              ,0           ,不详           ,0           ,不详           ,0           ,不详           ,0           ,不详           ,0         ,0      ,0     ,0       ,
0        ,260            ,不详              ,260         ,不详           ,0           ,不详           ,0           ,不详           ,0           ,不详           ,260       ,0      ,0     ,0       ,
1        ,675            ,159             ,675         ,159          ,0           ,不详           ,0           ,不详           ,0           ,不详           ,675       ,0      ,0     ,0       ,
2        ,1116           ,65              ,1116        ,65           ,0           ,不详           ,0           ,不详           ,0           ,不详           ,1116      ,0      ,0     ,0       ,
3        ,1217           ,9               ,1217        ,9            ,0           ,不详           ,0           ,不详           ,0           ,不详           ,1217      ,0      ,0     ,0       ,
4        ,1439           ,18              ,1439        ,18           ,0           ,不详           ,0           ,不详           ,0           ,不详           ,1439      ,0      ,0     ,0       ,
5        ,1750           ,21              ,1750        ,21           ,0           ,不详           ,0           ,不详           ,0           ,不详           ,1750      ,0      ,0     ,0       ,
6        ,1850           ,5               ,1850        ,5            ,0           ,不详           ,0           ,不详           ,0           ,不详           ,1850      ,0      ,0     ,0       ,
7        ,2113           ,14              ,2113        ,14           ,0           ,不详           ,0           ,不详           ,0           ,不详           ,2113      ,0      ,0     ,0       ,
8        ,2024           ,-5              ,2024        ,-5           ,0           ,不详           ,0           ,不详           ,0           ,不详           ,2024      ,0      ,0     ,0       ,
9        ,2550           ,25              ,2550        ,25           ,0           ,不详           ,0           ,不详           ,0           ,不详           ,2550      ,0      ,0     ,0       ,
10       ,3059           ,19              ,3059        ,19           ,0           ,不详           ,0           ,不详           ,0           ,不详           ,3059      ,0      ,0     ,0       ,
11       ,3316           ,8               ,3316        ,8            ,0           ,不详           ,0           ,不详           ,0           ,不详           ,3316      ,0      ,0     ,0       ,
12       ,3551           ,7               ,3551        ,7            ,0           ,不详           ,0           ,不详           ,0           ,不详           ,3551      ,0      ,0     ,0       ,
13       ,3827           ,7               ,3827        ,7            ,0           ,不详           ,0           ,不详           ,0           ,不详           ,3827      ,0      ,0     ,0       ,
14       ,4258           ,11              ,4258        ,11           ,0           ,不详           ,0           ,不详           ,0           ,不详           ,4258      ,0      ,0     ,0       ,
15       ,4747           ,11              ,4747        ,11           ,0           ,不详           ,0           ,不详           ,0           ,不详           ,4747      ,0      ,0     ,0       ,
16       ,5147           ,8               ,5147        ,8            ,0           ,不详           ,0           ,不详           ,0           ,不详           ,5147      ,0      ,0     ,0       ,
17       ,5175           ,0               ,5175        ,0            ,0           ,不详           ,0           ,不详           ,0           ,不详           ,5175      ,0      ,0     ,0       ,
18       ,5238           ,1               ,5238        ,1            ,0           ,不详           ,0           ,不详           ,0           ,不详           ,5238      ,0      ,0     ,0       ,
19       ,5569           ,6               ,5569        ,6            ,0           ,不详           ,0           ,不详           ,0           ,不详           ,5569      ,0      ,0     ,0       ,
20       ,5875           ,5               ,5875        ,5            ,0           ,不详           ,0           ,不详           ,0           ,不详           ,5875      ,0      ,0     ,0       ,
21       ,6201           ,5               ,6201        ,5            ,0           ,不详           ,0           ,不详           ,0           ,不详           ,6201      ,0      ,0     ,0       ,
22       ,6757           ,8               ,6757        ,8            ,0           ,不详           ,0           ,不详           ,0           ,不详           ,6757      ,0      ,0     ,0       ,
23       ,6703           ,不详              ,6703        ,不详           ,0           ,不详           ,0           ,不详           ,0           ,不详           ,6703      ,0      ,0     ,0       ,
24       ,7237           ,7               ,7237        ,7            ,0           ,不详           ,0           ,不详           ,0           ,不详           ,7237      ,0      ,0     ,0       ,
25       ,6872           ,-6              ,6872        ,-6           ,0           ,不详           ,0           ,不详           ,0           ,不详           ,6872      ,0      ,0     ,0       ,
26       ,7309           ,6               ,7309        ,6            ,0           ,不详           ,0           ,不详           ,0           ,不详           ,7309      ,0      ,0     ,0       ,
27       ,7322           ,0               ,7322        ,0            ,0           ,不详           ,0           ,不详           ,0           ,不详           ,7322      ,0      ,0     ,0       ,
28       ,7543           ,3               ,7543        ,3            ,0           ,不详           ,0           ,不详           ,0           ,不详           ,7543      ,0      ,0     ,0       ,
29       ,7966           ,5               ,7966        ,5            ,0           ,不详           ,0           ,不详           ,0           ,不详           ,7966      ,0      ,0     ,0       ,
30       ,8690           ,9               ,8690        ,9            ,0           ,不详           ,0           ,不详           ,0           ,不详           ,8690      ,0      ,0     ,0       ,
31       ,8217           ,-6              ,8217        ,-6           ,0           ,不详           ,0           ,不详           ,0           ,不详           ,8217      ,0      ,0     ,0       ,
32       ,8621           ,4               ,8621        ,4            ,0           ,不详           ,0           ,不详           ,0           ,不详           ,8621      ,0      ,0     ,0       ,
33       ,8772           ,1               ,8772        ,1            ,0           ,不详           ,0           ,不详           ,0           ,不详           ,8772      ,0      ,0     ,0       ,
34       ,8772           ,0               ,8772        ,0            ,0           ,不详           ,0           ,不详           ,0           ,不详           ,8772      ,0      ,0     ,0       ,
35       ,8566           ,-3              ,8566        ,-3           ,0           ,不详           ,0           ,不详           ,0           ,不详           ,8566      ,0      ,0     ,0       ,
36       ,819            ,-91             ,819         ,-91          ,0           ,不详           ,0           ,不详           ,0           ,不详           ,819       ,0      ,0     ,0       ,
37       ,0              ,-100            ,0           ,-100         ,0           ,不详           ,0           ,不详           ,0           ,不详           ,0         ,0      ,0     ,0       ,
38       ,0              ,不详              ,0           ,不详           ,0           ,不详           ,0           ,不详           ,0           ,不详           ,0         ,0      ,0     ,0       ,
39       ,0              ,不详              ,0           ,不详           ,0           ,不详           ,0           ,不详           ,0           ,不详           ,0         ,0      ,0     ,0       ,
40       ,0              ,不详              ,0           ,不详           ,0           ,不详           ,0           ,不详           ,0           ,不详           ,0         ,0      ,0     ,0       ,
