GrowthDay,TotalDrinkDaily,TotalDrinkChange,Water_1Daily,Water_1Change,Water_2Daily,Water_2Change,Water_3Daily,Water_3Change,Water_4Daily,Water_4Change,TotalWater,Coolpad,Fogger,Flushing,
-1       ,0              ,不详              ,0           ,不详           ,0           ,不详           ,0           ,不详           ,0           ,不详           ,0         ,0      ,0     ,0       ,
0        ,1308           ,不详              ,1308        ,不详           ,0           ,不详           ,0           ,不详           ,0           ,不详           ,1308      ,0      ,0     ,0       ,
1        ,300            ,-78             ,300         ,-78          ,0           ,不详           ,0           ,不详           ,0           ,不详           ,300       ,0      ,0     ,0       ,
2        ,744            ,148             ,744         ,148          ,0           ,不详           ,0           ,不详           ,0           ,不详           ,744       ,0      ,0     ,0       ,
3        ,913            ,22              ,913         ,22           ,0           ,不详           ,0           ,不详           ,0           ,不详           ,913       ,0      ,0     ,0       ,
4        ,1715           ,87              ,1715        ,87           ,0           ,不详           ,0           ,不详           ,0           ,不详           ,1715      ,0      ,0     ,0       ,
5        ,1970           ,14              ,1970        ,14           ,0           ,不详           ,0           ,不详           ,0           ,不详           ,1970      ,0      ,0     ,0       ,
6        ,2276           ,15              ,2276        ,15           ,0           ,不详           ,0           ,不详           ,0           ,不详           ,2276      ,0      ,0     ,0       ,
7        ,2634           ,15              ,2634        ,15           ,0           ,不详           ,0           ,不详           ,0           ,不详           ,2634      ,0      ,0     ,0       ,
8        ,2488           ,-6              ,2488        ,-6           ,0           ,不详           ,0           ,不详           ,0           ,不详           ,2488      ,0      ,0     ,0       ,
9        ,3423           ,37              ,3423        ,37           ,0           ,不详           ,0           ,不详           ,0           ,不详           ,3423      ,0      ,0     ,0       ,
10       ,3641           ,6               ,3641        ,6            ,0           ,不详           ,0           ,不详           ,0           ,不详           ,3641      ,0      ,0     ,0       ,
11       ,4411           ,21              ,4411        ,21           ,0           ,不详           ,0           ,不详           ,0           ,不详           ,4411      ,0      ,0     ,0       ,
12       ,4966           ,12              ,4966        ,12           ,0           ,不详           ,0           ,不详           ,0           ,不详           ,4966      ,0      ,0     ,0       ,
13       ,5304           ,6               ,5304        ,6            ,0           ,不详           ,0           ,不详           ,0           ,不详           ,5304      ,0      ,0     ,0       ,
14       ,5592           ,5               ,5592        ,5            ,0           ,不详           ,0           ,不详           ,0           ,不详           ,5592      ,0      ,0     ,0       ,
15       ,6022           ,7               ,6022        ,7            ,0           ,不详           ,0           ,不详           ,0           ,不详           ,6022      ,0      ,0     ,0       ,
16       ,6450           ,7               ,6450        ,7            ,0           ,不详           ,0           ,不详           ,0           ,不详           ,6450      ,0      ,0     ,0       ,
17       ,6990           ,8               ,6990        ,8            ,0           ,不详           ,0           ,不详           ,0           ,不详           ,6990      ,0      ,0     ,0       ,
18       ,7406           ,5               ,7406        ,5            ,0           ,不详           ,0           ,不详           ,0           ,不详           ,7406      ,0      ,0     ,0       ,
19       ,7779           ,5               ,7779        ,5            ,0           ,不详           ,0           ,不详           ,0           ,不详           ,7779      ,0      ,0     ,0       ,
20       ,8401           ,7               ,8401        ,7            ,0           ,不详           ,0           ,不详           ,0           ,不详           ,8401      ,0      ,0     ,0       ,
21       ,8443           ,0               ,8443        ,0            ,0           ,不详           ,0           ,不详           ,0           ,不详           ,8443      ,0      ,0     ,0       ,
22       ,8746           ,3               ,8746        ,3            ,0           ,不详           ,0           ,不详           ,0           ,不详           ,8746      ,0      ,0     ,0       ,
23       ,8354           ,-5              ,8354        ,-5           ,0           ,不详           ,0           ,不详           ,0           ,不详           ,8354      ,0      ,0     ,0       ,
24       ,8548           ,2               ,8548        ,2            ,0           ,不详           ,0           ,不详           ,0           ,不详           ,8548      ,0      ,0     ,0       ,
25       ,9471           ,10              ,9471        ,10           ,0           ,不详           ,0           ,不详           ,0           ,不详           ,9471      ,0      ,0     ,0       ,
26       ,9593           ,1               ,9593        ,1            ,0           ,不详           ,0           ,不详           ,0           ,不详           ,9593      ,0      ,0     ,0       ,
27       ,9858           ,2               ,9858        ,2            ,0           ,不详           ,0           ,不详           ,0           ,不详           ,9858      ,0      ,0     ,0       ,
28       ,10277          ,4               ,10277       ,4            ,0           ,不详           ,0           ,不详           ,0           ,不详           ,10277     ,0      ,0     ,0       ,
29       ,9908           ,-4              ,9908        ,-4           ,0           ,不详           ,0           ,不详           ,0           ,不详           ,9908      ,0      ,0     ,0       ,
30       ,10936          ,10              ,10936       ,10           ,0           ,不详           ,0           ,不详           ,0           ,不详           ,10936     ,0      ,0     ,0       ,
31       ,11710          ,7               ,11710       ,7            ,0           ,不详           ,0           ,不详           ,0           ,不详           ,11710     ,0      ,0     ,0       ,
32       ,12243          ,4               ,12243       ,4            ,0           ,不详           ,0           ,不详           ,0           ,不详           ,12243     ,0      ,0     ,0       ,
33       ,12325          ,0               ,12325       ,0            ,0           ,不详           ,0           ,不详           ,0           ,不详           ,12325     ,0      ,0     ,0       ,
34       ,12229          ,不详              ,12229       ,不详           ,0           ,不详           ,0           ,不详           ,0           ,不详           ,12229     ,0      ,0     ,0       ,
35       ,11826          ,-4              ,11826       ,-4           ,0           ,不详           ,0           ,不详           ,0           ,不详           ,11826     ,0      ,0     ,0       ,
36       ,11387          ,-4              ,11387       ,-4           ,0           ,不详           ,0           ,不详           ,0           ,不详           ,11387     ,0      ,0     ,0       ,
37       ,11565          ,1               ,11565       ,1            ,0           ,不详           ,0           ,不详           ,0           ,不详           ,11565     ,0      ,0     ,0       ,
38       ,1102           ,-91             ,1102        ,-91          ,0           ,不详           ,0           ,不详           ,0           ,不详           ,1102      ,0      ,0     ,0       ,
39       ,0              ,-100            ,0           ,-100         ,0           ,不详           ,0           ,不详           ,0           ,不详           ,0         ,0      ,0     ,0       ,
