GrowthDay,TotalDrinkDaily,TotalDrinkChange,Water_1Daily,Water_1Change,Water_2Daily,Water_2Change,Water_3Daily,Water_3Change,Water_4Daily,Water_4Change,TotalWater,Coolpad,Fogger,Flushing,
-1       ,0              ,不详              ,0           ,不详           ,0           ,不详           ,0           ,不详           ,0           ,不详           ,0         ,0      ,0     ,0       ,
0        ,130            ,不详              ,130         ,不详           ,0           ,不详           ,0           ,不详           ,0           ,不详           ,130       ,0      ,0     ,0       ,
1        ,288            ,121             ,288         ,121          ,0           ,不详           ,0           ,不详           ,0           ,不详           ,288       ,0      ,0     ,0       ,
2        ,636            ,120             ,636         ,120          ,0           ,不详           ,0           ,不详           ,0           ,不详           ,636       ,0      ,0     ,0       ,
3        ,834            ,31              ,834         ,31           ,0           ,不详           ,0           ,不详           ,0           ,不详           ,834       ,0      ,0     ,0       ,
4        ,1157           ,38              ,1157        ,38           ,0           ,不详           ,0           ,不详           ,0           ,不详           ,1157      ,0      ,0     ,0       ,
5        ,1508           ,30              ,1508        ,30           ,0           ,不详           ,0           ,不详           ,0           ,不详           ,1508      ,0      ,0     ,0       ,
6        ,1758           ,16              ,1758        ,16           ,0           ,不详           ,0           ,不详           ,0           ,不详           ,1758      ,0      ,0     ,0       ,
7        ,1960           ,11              ,1960        ,11           ,0           ,不详           ,0           ,不详           ,0           ,不详           ,1960      ,0      ,0     ,0       ,
8        ,2162           ,10              ,2162        ,10           ,0           ,不详           ,0           ,不详           ,0           ,不详           ,2162      ,0      ,0     ,0       ,
9        ,2257           ,4               ,2257        ,4            ,0           ,不详           ,0           ,不详           ,0           ,不详           ,2257      ,0      ,0     ,0       ,
10       ,2910           ,28              ,2910        ,28           ,0           ,不详           ,0           ,不详           ,0           ,不详           ,2910      ,0      ,0     ,0       ,
11       ,3308           ,13              ,3308        ,13           ,0           ,不详           ,0           ,不详           ,0           ,不详           ,3308      ,0      ,0     ,0       ,
12       ,3708           ,12              ,3708        ,12           ,0           ,不详           ,0           ,不详           ,0           ,不详           ,3708      ,0      ,0     ,0       ,
13       ,3937           ,6               ,3937        ,6            ,0           ,不详           ,0           ,不详           ,0           ,不详           ,3937      ,0      ,0     ,0       ,
14       ,4447           ,12              ,4447        ,12           ,0           ,不详           ,0           ,不详           ,0           ,不详           ,4447      ,0      ,0     ,0       ,
15       ,4679           ,5               ,4679        ,5            ,0           ,不详           ,0           ,不详           ,0           ,不详           ,4679      ,0      ,0     ,0       ,
16       ,5214           ,11              ,5214        ,11           ,0           ,不详           ,0           ,不详           ,0           ,不详           ,5214      ,0      ,0     ,0       ,
17       ,5563           ,6               ,5563        ,6            ,0           ,不详           ,0           ,不详           ,0           ,不详           ,5563      ,0      ,0     ,0       ,
18       ,5931           ,6               ,5931        ,6            ,0           ,不详           ,0           ,不详           ,0           ,不详           ,5931      ,0      ,0     ,0       ,
19       ,6277           ,5               ,6277        ,5            ,0           ,不详           ,0           ,不详           ,0           ,不详           ,6277      ,0      ,0     ,0       ,
20       ,7057           ,12              ,7057        ,12           ,0           ,不详           ,0           ,不详           ,0           ,不详           ,7057      ,0      ,0     ,0       ,
21       ,6743           ,-5              ,6743        ,-5           ,0           ,不详           ,0           ,不详           ,0           ,不详           ,6743      ,0      ,0     ,0       ,
22       ,7231           ,7               ,7231        ,7            ,0           ,不详           ,0           ,不详           ,0           ,不详           ,7231      ,0      ,0     ,0       ,
23       ,7214           ,不详              ,7214        ,不详           ,0           ,不详           ,0           ,不详           ,0           ,不详           ,7214      ,0      ,0     ,0       ,
24       ,7415           ,2               ,7415        ,2            ,0           ,不详           ,0           ,不详           ,0           ,不详           ,7415      ,0      ,0     ,0       ,
25       ,7425           ,0               ,7425        ,0            ,0           ,不详           ,0           ,不详           ,0           ,不详           ,7425      ,0      ,0     ,0       ,
26       ,7782           ,4               ,7782        ,4            ,0           ,不详           ,0           ,不详           ,0           ,不详           ,7782      ,0      ,0     ,0       ,
27       ,7227           ,-8              ,7227        ,-8           ,0           ,不详           ,0           ,不详           ,0           ,不详           ,7227      ,0      ,0     ,0       ,
28       ,8137           ,12              ,8137        ,12           ,0           ,不详           ,0           ,不详           ,0           ,不详           ,8137      ,0      ,0     ,0       ,
29       ,8509           ,4               ,8509        ,4            ,0           ,不详           ,0           ,不详           ,0           ,不详           ,8509      ,0      ,0     ,0       ,
30       ,8509           ,0               ,8509        ,0            ,0           ,不详           ,0           ,不详           ,0           ,不详           ,8509      ,0      ,0     ,0       ,
31       ,9145           ,7               ,9145        ,7            ,0           ,不详           ,0           ,不详           ,0           ,不详           ,9145      ,0      ,0     ,0       ,
32       ,9040           ,-2              ,9040        ,-2           ,0           ,不详           ,0           ,不详           ,0           ,不详           ,9040      ,0      ,0     ,0       ,
33       ,9137           ,1               ,9137        ,1            ,0           ,不详           ,0           ,不详           ,0           ,不详           ,9137      ,0      ,0     ,0       ,
34       ,9382           ,2               ,9382        ,2            ,0           ,不详           ,0           ,不详           ,0           ,不详           ,9382      ,0      ,0     ,0       ,
35       ,9527           ,1               ,9527        ,1            ,0           ,不详           ,0           ,不详           ,0           ,不详           ,9527      ,0      ,0     ,0       ,
36       ,10208          ,7               ,10208       ,7            ,0           ,不详           ,0           ,不详           ,0           ,不详           ,10208     ,0      ,0     ,0       ,
37       ,7496           ,-27             ,7496        ,-27          ,0           ,不详           ,0           ,不详           ,0           ,不详           ,7496      ,0      ,0     ,0       ,
38       ,67             ,-100            ,67          ,-100         ,0           ,不详           ,0           ,不详           ,0           ,不详           ,67        ,0      ,0     ,0       ,
39       ,0              ,-100            ,0           ,-100         ,0           ,不详           ,0           ,不详           ,0           ,不详           ,0         ,0      ,0     ,0       ,
40       ,0              ,不详              ,0           ,不详           ,0           ,不详           ,0           ,不详           ,0           ,不详           ,0         ,0      ,0     ,0       ,
