GrowthDay,TotalDrinkDaily,TotalDrinkChange,Water_1Daily,Water_1Change,Water_2Daily,Water_2Change,Water_3Daily,Water_3Change,Water_4Daily,Water_4Change,TotalWater,Coolpad,Fogger,Flushing,
-1       ,0              ,不详              ,0           ,不详           ,0           ,不详           ,0           ,不详           ,0           ,不详           ,0         ,0      ,0     ,0       ,
0        ,22             ,不详              ,22          ,不详           ,0           ,不详           ,0           ,不详           ,0           ,不详           ,22        ,0      ,0     ,0       ,
1        ,156            ,609             ,156         ,609          ,0           ,不详           ,0           ,不详           ,0           ,不详           ,156       ,0      ,0     ,0       ,
2        ,370            ,137             ,370         ,137          ,0           ,不详           ,0           ,不详           ,0           ,不详           ,370       ,0      ,0     ,0       ,
3        ,1124           ,203             ,1124        ,203          ,0           ,不详           ,0           ,不详           ,0           ,不详           ,1124      ,0      ,0     ,0       ,
4        ,865            ,-24             ,865         ,-24          ,0           ,不详           ,0           ,不详           ,0           ,不详           ,865       ,0      ,0     ,0       ,
5        ,1111           ,28              ,1111        ,28           ,0           ,不详           ,0           ,不详           ,0           ,不详           ,1111      ,0      ,0     ,0       ,
6        ,3430           ,208             ,3430        ,208          ,0           ,不详           ,0           ,不详           ,0           ,不详           ,3430      ,0      ,0     ,0       ,
7        ,1596           ,-54             ,1596        ,-54          ,0           ,不详           ,0           ,不详           ,0           ,不详           ,1596      ,0      ,0     ,0       ,
8        ,1600           ,0               ,1600        ,0            ,0           ,不详           ,0           ,不详           ,0           ,不详           ,1600      ,0      ,0     ,0       ,
9        ,2009           ,25              ,2009        ,25           ,0           ,不详           ,0           ,不详           ,0           ,不详           ,2009      ,0      ,0     ,0       ,
10       ,2237           ,11              ,2237        ,11           ,0           ,不详           ,0           ,不详           ,0           ,不详           ,2237      ,0      ,0     ,0       ,
11       ,2425           ,8               ,2425        ,8            ,0           ,不详           ,0           ,不详           ,0           ,不详           ,2425      ,0      ,0     ,0       ,
12       ,2903           ,19              ,2903        ,19           ,0           ,不详           ,0           ,不详           ,0           ,不详           ,2903      ,0      ,0     ,0       ,
13       ,3284           ,13              ,3284        ,13           ,0           ,不详           ,0           ,不详           ,0           ,不详           ,3284      ,0      ,0     ,0       ,
14       ,3590           ,9               ,3590        ,9            ,0           ,不详           ,0           ,不详           ,0           ,不详           ,3590      ,0      ,0     ,0       ,
15       ,3880           ,8               ,3880        ,8            ,0           ,不详           ,0           ,不详           ,0           ,不详           ,3880      ,0      ,0     ,0       ,
16       ,4142           ,6               ,4142        ,6            ,0           ,不详           ,0           ,不详           ,0           ,不详           ,4142      ,0      ,0     ,0       ,
17       ,4364           ,5               ,4364        ,5            ,0           ,不详           ,0           ,不详           ,0           ,不详           ,4364      ,0      ,0     ,0       ,
18       ,4762           ,9               ,4762        ,9            ,0           ,不详           ,0           ,不详           ,0           ,不详           ,4762      ,0      ,0     ,0       ,
19       ,5036           ,5               ,5036        ,5            ,0           ,不详           ,0           ,不详           ,0           ,不详           ,5036      ,0      ,0     ,0       ,
20       ,5284           ,4               ,5284        ,4            ,0           ,不详           ,0           ,不详           ,0           ,不详           ,5284      ,0      ,0     ,0       ,
21       ,5570           ,5               ,5570        ,5            ,0           ,不详           ,0           ,不详           ,0           ,不详           ,5570      ,0      ,0     ,0       ,
22       ,5814           ,4               ,5814        ,4            ,0           ,不详           ,0           ,不详           ,0           ,不详           ,5814      ,0      ,0     ,0       ,
23       ,6074           ,4               ,6074        ,4            ,0           ,不详           ,0           ,不详           ,0           ,不详           ,6074      ,0      ,0     ,0       ,
24       ,5814           ,-5              ,5814        ,-5           ,0           ,不详           ,0           ,不详           ,0           ,不详           ,5814      ,0      ,0     ,0       ,
25       ,6470           ,11              ,6470        ,11           ,0           ,不详           ,0           ,不详           ,0           ,不详           ,6470      ,0      ,0     ,0       ,
26       ,6459           ,不详              ,6459        ,不详           ,0           ,不详           ,0           ,不详           ,0           ,不详           ,6459      ,0      ,0     ,0       ,
27       ,6866           ,6               ,6866        ,6            ,0           ,不详           ,0           ,不详           ,0           ,不详           ,6866      ,0      ,0     ,0       ,
28       ,7013           ,2               ,7013        ,2            ,0           ,不详           ,0           ,不详           ,0           ,不详           ,7013      ,0      ,0     ,0       ,
29       ,7631           ,8               ,7631        ,8            ,0           ,不详           ,0           ,不详           ,0           ,不详           ,7631      ,0      ,0     ,0       ,
30       ,7804           ,2               ,7804        ,2            ,0           ,不详           ,0           ,不详           ,0           ,不详           ,7804      ,0      ,0     ,0       ,
31       ,8216           ,5               ,8216        ,5            ,0           ,不详           ,0           ,不详           ,0           ,不详           ,8216      ,0      ,0     ,0       ,
32       ,8771           ,6               ,8771        ,6            ,0           ,不详           ,0           ,不详           ,0           ,不详           ,8771      ,0      ,0     ,0       ,
33       ,8999           ,2               ,8999        ,2            ,0           ,不详           ,0           ,不详           ,0           ,不详           ,8999      ,0      ,0     ,0       ,
34       ,8749           ,-3              ,8749        ,-3           ,0           ,不详           ,0           ,不详           ,0           ,不详           ,8749      ,0      ,0     ,0       ,
35       ,9102           ,4               ,9102        ,4            ,0           ,不详           ,0           ,不详           ,0           ,不详           ,9102      ,0      ,0     ,0       ,
36       ,8867           ,-3              ,8867        ,-3           ,0           ,不详           ,0           ,不详           ,0           ,不详           ,8867      ,0      ,0     ,0       ,
37       ,1271           ,-86             ,1271        ,-86          ,0           ,不详           ,0           ,不详           ,0           ,不详           ,1271      ,0      ,0     ,0       ,
38       ,0              ,-100            ,0           ,-100         ,0           ,不详           ,0           ,不详           ,0           ,不详           ,0         ,0      ,0     ,0       ,
39       ,0              ,不详              ,0           ,不详           ,0           ,不详           ,0           ,不详           ,0           ,不详           ,0         ,0      ,0     ,0       ,
