GrowthDay,TotalDrinkDaily,TotalDrinkChange,Water_1Daily,Water_1Change,Water_2Daily,Water_2Change,Water_3Daily,Water_3Change,Water_4Daily,Water_4Change,TotalWater,Coolpad,Fogger,Flushing,
-2       ,0              ,不详              ,0           ,不详           ,0           ,不详           ,0           ,不详           ,0           ,不详           ,0         ,0      ,0     ,0       ,
-1       ,11             ,不详              ,11          ,不详           ,0           ,不详           ,0           ,不详           ,0           ,不详           ,11        ,0      ,0     ,0       ,
0        ,1099           ,9890            ,1099        ,9890         ,0           ,不详           ,0           ,不详           ,0           ,不详           ,1099      ,0      ,0     ,0       ,
1        ,1218           ,10              ,1218        ,10           ,0           ,不详           ,0           ,不详           ,0           ,不详           ,1218      ,0      ,0     ,0       ,
2        ,1554           ,27              ,1554        ,27           ,0           ,不详           ,0           ,不详           ,0           ,不详           ,1554      ,0      ,0     ,0       ,
3        ,1779           ,14              ,1779        ,14           ,0           ,不详           ,0           ,不详           ,0           ,不详           ,1779      ,0      ,0     ,0       ,
4        ,1584           ,-11             ,1584        ,-11          ,0           ,不详           ,0           ,不详           ,0           ,不详           ,1584      ,0      ,0     ,0       ,
5        ,1720           ,8               ,1720        ,8            ,0           ,不详           ,0           ,不详           ,0           ,不详           ,1720      ,0      ,0     ,0       ,
6        ,1968           ,14              ,1968        ,14           ,0           ,不详           ,0           ,不详           ,0           ,不详           ,1968      ,0      ,0     ,0       ,
7        ,2580           ,31              ,2580        ,31           ,0           ,不详           ,0           ,不详           ,0           ,不详           ,2580      ,0      ,0     ,0       ,
8        ,2141           ,-18             ,2141        ,-18          ,0           ,不详           ,0           ,不详           ,0           ,不详           ,2141      ,0      ,0     ,0       ,
9        ,2931           ,36              ,2931        ,36           ,0           ,不详           ,0           ,不详           ,0           ,不详           ,2931      ,0      ,0     ,0       ,
10       ,3470           ,18              ,3470        ,18           ,0           ,不详           ,0           ,不详           ,0           ,不详           ,3470      ,0      ,0     ,0       ,
11       ,3652           ,5               ,3652        ,5            ,0           ,不详           ,0           ,不详           ,0           ,不详           ,3652      ,0      ,0     ,0       ,
12       ,4130           ,13              ,4130        ,13           ,0           ,不详           ,0           ,不详           ,0           ,不详           ,4130      ,0      ,0     ,0       ,
13       ,4548           ,10              ,4548        ,10           ,0           ,不详           ,0           ,不详           ,0           ,不详           ,4548      ,0      ,0     ,0       ,
14       ,4819           ,5               ,4819        ,5            ,0           ,不详           ,0           ,不详           ,0           ,不详           ,4819      ,0      ,0     ,0       ,
15       ,5275           ,9               ,5275        ,9            ,0           ,不详           ,0           ,不详           ,0           ,不详           ,5275      ,0      ,0     ,0       ,
16       ,5634           ,6               ,5634        ,6            ,0           ,不详           ,0           ,不详           ,0           ,不详           ,5634      ,0      ,0     ,0       ,
17       ,5925           ,5               ,5925        ,5            ,0           ,不详           ,0           ,不详           ,0           ,不详           ,5925      ,0      ,0     ,0       ,
18       ,6390           ,7               ,6390        ,7            ,0           ,不详           ,0           ,不详           ,0           ,不详           ,6390      ,0      ,0     ,0       ,
19       ,6415           ,0               ,6415        ,0            ,0           ,不详           ,0           ,不详           ,0           ,不详           ,6415      ,0      ,0     ,0       ,
20       ,6688           ,4               ,6688        ,4            ,0           ,不详           ,0           ,不详           ,0           ,不详           ,6688      ,0      ,0     ,0       ,
21       ,7105           ,6               ,7105        ,6            ,0           ,不详           ,0           ,不详           ,0           ,不详           ,7105      ,0      ,0     ,0       ,
22       ,7630           ,7               ,7630        ,7            ,0           ,不详           ,0           ,不详           ,0           ,不详           ,7630      ,0      ,0     ,0       ,
23       ,7727           ,1               ,7727        ,1            ,0           ,不详           ,0           ,不详           ,0           ,不详           ,7727      ,0      ,0     ,0       ,
24       ,7849           ,1               ,7849        ,1            ,0           ,不详           ,0           ,不详           ,0           ,不详           ,7849      ,0      ,0     ,0       ,
25       ,8263           ,5               ,8263        ,5            ,0           ,不详           ,0           ,不详           ,0           ,不详           ,8263      ,0      ,0     ,0       ,
26       ,8217           ,不详              ,8217        ,不详           ,0           ,不详           ,0           ,不详           ,0           ,不详           ,8217      ,0      ,0     ,0       ,
27       ,7911           ,-4              ,7911        ,-4           ,0           ,不详           ,0           ,不详           ,0           ,不详           ,7911      ,0      ,0     ,0       ,
28       ,8186           ,3               ,8186        ,3            ,0           ,不详           ,0           ,不详           ,0           ,不详           ,8186      ,0      ,0     ,0       ,
29       ,8510           ,3               ,8510        ,3            ,0           ,不详           ,0           ,不详           ,0           ,不详           ,8510      ,0      ,0     ,0       ,
30       ,8515           ,0               ,8515        ,0            ,0           ,不详           ,0           ,不详           ,0           ,不详           ,8515      ,0      ,0     ,0       ,
31       ,8651           ,1               ,8651        ,1            ,0           ,不详           ,0           ,不详           ,0           ,不详           ,8651      ,0      ,0     ,0       ,
32       ,8526           ,-2              ,8526        ,-2           ,0           ,不详           ,0           ,不详           ,0           ,不详           ,8526      ,0      ,0     ,0       ,
33       ,8265           ,-4              ,8265        ,-4           ,0           ,不详           ,0           ,不详           ,0           ,不详           ,8265      ,0      ,0     ,0       ,
34       ,7512           ,-10             ,7512        ,-10          ,0           ,不详           ,0           ,不详           ,0           ,不详           ,7512      ,0      ,0     ,0       ,
35       ,6971           ,-8              ,6971        ,-8           ,0           ,不详           ,0           ,不详           ,0           ,不详           ,6971      ,0      ,0     ,0       ,
36       ,6667           ,-5              ,6667        ,-5           ,0           ,不详           ,0           ,不详           ,0           ,不详           ,6667      ,0      ,0     ,0       ,
37       ,177            ,-98             ,177         ,-98          ,0           ,不详           ,0           ,不详           ,0           ,不详           ,177       ,0      ,0     ,0       ,
38       ,0              ,-100            ,0           ,-100         ,0           ,不详           ,0           ,不详           ,0           ,不详           ,0         ,0      ,0     ,0       ,
