GrowthDay,TotalDrinkDaily,TotalDrinkChange,Water_1Daily,Water_1Change,Water_2Daily,Water_2Change,Water_3Daily,Water_3Change,Water_4Daily,Water_4Change,TotalWater,Coolpad,Fogger,Flushing,
-1       ,0              ,不详              ,0           ,不详           ,0           ,不详           ,0           ,不详           ,0           ,不详           ,0         ,0      ,0     ,0       ,
0        ,30             ,不详              ,30          ,不详           ,0           ,不详           ,0           ,不详           ,0           ,不详           ,30        ,0      ,0     ,0       ,
1        ,520            ,1633            ,520         ,1633         ,0           ,不详           ,0           ,不详           ,0           ,不详           ,520       ,0      ,0     ,0       ,
2        ,800            ,53              ,800         ,53           ,0           ,不详           ,0           ,不详           ,0           ,不详           ,800       ,0      ,0     ,0       ,
3        ,1000           ,25              ,1000        ,25           ,0           ,不详           ,0           ,不详           ,0           ,不详           ,1000      ,0      ,0     ,0       ,
4        ,1240           ,24              ,1240        ,24           ,0           ,不详           ,0           ,不详           ,0           ,不详           ,1240      ,0      ,0     ,0       ,
5        ,1460           ,17              ,1460        ,17           ,0           ,不详           ,0           ,不详           ,0           ,不详           ,1460      ,0      ,0     ,0       ,
6        ,1560           ,6               ,1560        ,6            ,0           ,不详           ,0           ,不详           ,0           ,不详           ,1560      ,0      ,0     ,0       ,
7        ,1850           ,18              ,1850        ,18           ,0           ,不详           ,0           ,不详           ,0           ,不详           ,1850      ,0      ,0     ,0       ,
8        ,1850           ,0               ,1850        ,0            ,0           ,不详           ,0           ,不详           ,0           ,不详           ,1850      ,0      ,0     ,0       ,
9        ,2110           ,14              ,2110        ,14           ,0           ,不详           ,0           ,不详           ,0           ,不详           ,2110      ,0      ,0     ,0       ,
10       ,2370           ,12              ,2370        ,12           ,0           ,不详           ,0           ,不详           ,0           ,不详           ,2370      ,0      ,0     ,0       ,
11       ,2590           ,9               ,2590        ,9            ,0           ,不详           ,0           ,不详           ,0           ,不详           ,2590      ,0      ,0     ,0       ,
12       ,2930           ,13              ,2930        ,13           ,0           ,不详           ,0           ,不详           ,0           ,不详           ,2930      ,0      ,0     ,0       ,
13       ,3300           ,12              ,3300        ,12           ,0           ,不详           ,0           ,不详           ,0           ,不详           ,3300      ,0      ,0     ,0       ,
14       ,3660           ,10              ,3660        ,10           ,0           ,不详           ,0           ,不详           ,0           ,不详           ,3660      ,0      ,0     ,0       ,
15       ,4150           ,13              ,4150        ,13           ,0           ,不详           ,0           ,不详           ,0           ,不详           ,4150      ,0      ,0     ,0       ,
16       ,4350           ,4               ,4350        ,4            ,0           ,不详           ,0           ,不详           ,0           ,不详           ,4350      ,0      ,0     ,0       ,
17       ,4500           ,3               ,4500        ,3            ,0           ,不详           ,0           ,不详           ,0           ,不详           ,4500      ,0      ,0     ,0       ,
18       ,4850           ,7               ,4850        ,7            ,0           ,不详           ,0           ,不详           ,0           ,不详           ,4850      ,0      ,0     ,0       ,
19       ,5070           ,4               ,5070        ,4            ,0           ,不详           ,0           ,不详           ,0           ,不详           ,5070      ,0      ,0     ,0       ,
20       ,5330           ,5               ,5330        ,5            ,0           ,不详           ,0           ,不详           ,0           ,不详           ,5330      ,0      ,0     ,0       ,
21       ,5640           ,5               ,5640        ,5            ,0           ,不详           ,0           ,不详           ,0           ,不详           ,5640      ,0      ,0     ,0       ,
22       ,6050           ,7               ,6050        ,7            ,0           ,不详           ,0           ,不详           ,0           ,不详           ,6050      ,0      ,0     ,0       ,
23       ,6050           ,0               ,6050        ,0            ,0           ,不详           ,0           ,不详           ,0           ,不详           ,6050      ,0      ,0     ,0       ,
24       ,6300           ,4               ,6300        ,4            ,0           ,不详           ,0           ,不详           ,0           ,不详           ,6300      ,0      ,0     ,0       ,
25       ,6090           ,-4              ,6090        ,-4           ,0           ,不详           ,0           ,不详           ,0           ,不详           ,6090      ,0      ,0     ,0       ,
26       ,6410           ,5               ,6410        ,5            ,0           ,不详           ,0           ,不详           ,0           ,不详           ,6410      ,0      ,0     ,0       ,
27       ,6890           ,7               ,6890        ,7            ,0           ,不详           ,0           ,不详           ,0           ,不详           ,6890      ,0      ,0     ,0       ,
28       ,6750           ,-3              ,6750        ,-3           ,0           ,不详           ,0           ,不详           ,0           ,不详           ,6750      ,0      ,0     ,0       ,
29       ,6790           ,0               ,6790        ,0            ,0           ,不详           ,0           ,不详           ,0           ,不详           ,6790      ,0      ,0     ,0       ,
30       ,7240           ,6               ,7240        ,6            ,0           ,不详           ,0           ,不详           ,0           ,不详           ,7240      ,0      ,0     ,0       ,
31       ,6820           ,-6              ,6820        ,-6           ,0           ,不详           ,0           ,不详           ,0           ,不详           ,6820      ,0      ,0     ,0       ,
32       ,7530           ,10              ,7530        ,10           ,0           ,不详           ,0           ,不详           ,0           ,不详           ,7530      ,0      ,0     ,0       ,
33       ,8380           ,11              ,8380        ,11           ,0           ,不详           ,0           ,不详           ,0           ,不详           ,8380      ,0      ,0     ,0       ,
34       ,8970           ,7               ,8970        ,7            ,0           ,不详           ,0           ,不详           ,0           ,不详           ,8970      ,0      ,0     ,0       ,
35       ,8600           ,-5              ,8600        ,-5           ,0           ,不详           ,0           ,不详           ,0           ,不详           ,8600      ,0      ,0     ,0       ,
36       ,4160           ,-52             ,4160        ,-52          ,0           ,不详           ,0           ,不详           ,0           ,不详           ,4160      ,0      ,0     ,0       ,
37       ,0              ,-100            ,0           ,-100         ,0           ,不详           ,0           ,不详           ,0           ,不详           ,0         ,0      ,0     ,0       ,
38       ,0              ,不详              ,0           ,不详           ,0           ,不详           ,0           ,不详           ,0           ,不详           ,0         ,0      ,0     ,0       ,
39       ,0              ,不详              ,0           ,不详           ,0           ,不详           ,0           ,不详           ,0           ,不详           ,0         ,0      ,0     ,0       ,
40       ,0              ,不详              ,0           ,不详           ,0           ,不详           ,0           ,不详           ,0           ,不详           ,0         ,0      ,0     ,0       ,
